0.50 0.50 27.89
0.75 0.50 28.48
1.00 0.50 29.06
1.25 0.50 29.64
1.50 0.50 30.23
1.75 0.50 31.51
2.00 0.50 32.80
2.25 0.50 34.08
2.50 0.50 35.36
2.75 0.50 33.43
3.00 0.50 31.50
3.25 0.50 29.58
3.50 0.50 27.65
3.75 0.50 27.46
4.00 0.50 27.28
4.25 0.50 27.09
4.50 0.50 26.91
4.75 0.50 28.95
5.00 0.50 30.98
5.25 0.50 33.02
5.50 0.50 35.05
5.75 0.50 34.21
6.00 0.50 33.38
6.25 0.50 32.55
6.50 0.50 31.71
6.75 0.50 59.29
7.00 0.50 86.87
7.25 0.50 114.45
7.50 0.50 142.03
0.50 0.75 28.12
0.75 0.75 27.96
1.00 0.75 28.55
1.25 0.75 29.14
1.50 0.75 29.72
1.75 0.75 31.00
2.00 0.75 32.28
2.25 0.75 33.57
2.50 0.75 34.75
2.75 0.75 34.44
3.00 0.75 32.51
3.25 0.75 30.58
3.50 0.75 28.65
3.75 0.75 28.47
4.00 0.75 28.28
4.25 0.75 28.10
4.50 0.75 28.46
4.75 0.75 29.32
5.00 0.75 31.36
5.25 0.75 33.39
5.50 0.75 35.43
5.75 0.75 34.59
6.00 0.75 33.76
6.25 0.75 32.92
6.50 0.75 69.84
6.75 0.75 46.21
7.00 0.75 73.79
7.25 0.75 101.37
7.50 0.75 128.95
0.50 1.00 28.36
0.75 1.00 28.20
1.00 1.00 28.04
1.25 1.00 28.62
1.50 1.00 29.21
1.75 1.00 30.49
2.00 1.00 31.77
2.25 1.00 32.96
2.50 1.00 34.15
2.75 1.00 33.83
3.00 1.00 33.51
3.25 1.00 31.58
3.50 1.00 29.66
3.75 1.00 29.47
4.00 1.00 29.29
4.25 1.00 29.65
4.50 1.00 30.01
4.75 1.00 30.87
5.00 1.00 31.73
5.25 1.00 33.77
5.50 1.00 35.80
5.75 1.00 34.97
6.00 1.00 34.14
6.25 1.00 71.06
6.50 1.00 107.98
6.75 1.00 84.35
7.00 1.00 60.72
7.25 1.00 88.30
7.50 1.00 115.88
0.50 1.25 28.59
0.75 1.25 28.43
1.00 1.25 28.27
1.25 1.25 28.12
1.50 1.25 28.70
1.75 1.25 29.98
2.00 1.25 31.17
2.25 1.25 32.36
2.50 1.25 33.55
2.75 1.25 33.22
3.00 1.25 32.91
3.25 1.25 32.59
3.50 1.25 30.66
3.75 1.25 30.47
4.00 1.25 30.84
4.25 1.25 31.20
4.50 1.25 31.56
4.75 1.25 32.42
5.00 1.25 33.28
5.25 1.25 34.15
5.50 1.25 36.18
5.75 1.25 35.35
6.00 1.25 72.27
6.25 1.25 109.19
6.50 1.25 146.12
6.75 1.25 122.48
7.00 1.25 98.85
7.25 1.25 75.22
7.50 1.25 102.80
0.50 1.50 28.82
0.75 1.50 28.66
1.00 1.50 28.51
1.25 1.50 28.35
1.50 1.50 28.19
1.75 1.50 29.38
2.00 1.50 30.56
2.25 1.50 31.75
2.50 1.50 32.94
2.75 1.50 32.62
3.00 1.50 32.30
3.25 1.50 31.98
3.50 1.50 31.66
3.75 1.50 32.02
4.00 1.50 32.38
4.25 1.50 32.75
4.50 1.50 33.11
4.75 1.50 33.97
5.00 1.50 34.84
5.25 1.50 35.70
5.50 1.50 36.56
5.75 1.50 73.48
6.00 1.50 110.41
6.25 1.50 147.33
6.50 1.50 184.25
6.75 1.50 160.62
7.00 1.50 136.99
7.25 1.50 113.35
7.50 1.50 89.72
0.50 1.75 28.16
0.75 1.75 28.00
1.00 1.75 27.84
1.25 1.75 27.69
1.50 1.75 27.32
1.75 1.75 27.81
2.00 1.75 28.99
2.25 1.75 30.18
2.50 1.75 31.37
2.75 1.75 31.05
3.00 1.75 30.73
3.25 1.75 30.41
3.50 1.75 32.36
3.75 1.75 31.64
4.00 1.75 32.00
4.25 1.75 32.36
4.50 1.75 32.72
4.75 1.75 33.59
5.00 1.75 34.45
5.25 1.75 35.31
5.50 1.75 36.25
5.75 1.75 54.31
6.00 1.75 91.23
6.25 1.75 128.15
6.50 1.75 165.07
6.75 1.75 141.44
7.00 1.75 117.81
7.25 1.75 94.17
7.50 1.75 96.09
0.50 2.00 27.50
0.75 2.00 27.34
1.00 2.00 27.19
1.25 2.00 26.81
1.50 2.00 26.44
1.75 2.00 26.93
2.00 2.00 27.43
2.25 2.00 28.61
2.50 2.00 29.80
2.75 2.00 29.48
3.00 2.00 29.16
3.25 2.00 31.11
3.50 2.00 33.06
3.75 2.00 32.34
4.00 2.00 31.61
4.25 2.00 31.97
4.50 2.00 32.34
4.75 2.00 33.20
5.00 2.00 34.06
5.25 2.00 35.00
5.50 2.00 35.93
5.75 2.00 53.99
6.00 2.00 72.05
6.25 2.00 108.97
6.50 2.00 145.90
6.75 2.00 122.26
7.00 2.00 98.63
7.25 2.00 100.54
7.50 2.00 102.45
0.50 2.25 26.84
0.75 2.25 26.68
1.00 2.25 26.31
1.25 2.25 25.94
1.50 2.25 25.57
1.75 2.25 26.06
2.00 2.25 26.55
2.25 2.25 27.04
2.50 2.25 28.23
2.75 2.25 27.91
3.00 2.25 29.86
3.25 2.25 31.81
3.50 2.25 33.76
3.75 2.25 33.03
4.00 2.25 32.31
4.25 2.25 31.58
4.50 2.25 31.95
4.75 2.25 32.81
5.00 2.25 33.75
5.25 2.25 34.68
5.50 2.25 35.61
5.75 2.25 53.68
6.00 2.25 71.73
6.25 2.25 89.80
6.50 2.25 126.72
6.75 2.25 103.09
7.00 2.25 105.00
7.25 2.25 106.91
7.50 2.25 108.82
0.50 2.50 26.18
0.75 2.50 25.81
1.00 2.50 25.44
1.25 2.50 25.06
1.50 2.50 24.69
1.75 2.50 25.18
2.00 2.50 25.68
2.25 2.50 26.17
2.50 2.50 26.66
2.75 2.50 28.61
3.00 2.50 30.56
3.25 2.50 32.51
3.50 2.50 34.46
3.75 2.50 33.73
4.00 2.50 33.01
4.25 2.50 32.28
4.50 2.50 31.56
4.75 2.50 32.49
5.00 2.50 33.43
5.25 2.50 34.36
5.50 2.50 35.30
5.75 2.50 53.36
6.00 2.50 71.42
6.25 2.50 89.48
6.50 2.50 107.54
6.75 2.50 109.45
7.00 2.50 111.37
7.25 2.50 113.28
7.50 2.50 115.19
0.50 2.75 25.65
0.75 2.75 26.08
1.00 2.75 25.71
1.25 2.75 25.34
1.50 2.75 24.97
1.75 2.75 25.46
2.00 2.75 25.95
2.25 2.75 26.45
2.50 2.75 26.68
2.75 2.75 27.52
3.00 2.75 29.47
3.25 2.75 31.42
3.50 2.75 33.37
3.75 2.75 32.65
4.00 2.75 31.92
4.25 2.75 31.20
4.50 2.75 31.56
4.75 2.75 31.60
5.00 2.75 32.54
5.25 2.75 33.47
5.50 2.75 34.41
5.75 2.75 46.70
6.00 2.75 64.76
6.25 2.75 82.82
6.50 2.75 100.88
6.75 2.75 102.80
7.00 2.75 104.71
7.25 2.75 106.62
7.50 2.75 109.75
0.50 3.00 25.12
0.75 3.00 25.55
1.00 3.00 25.99
1.25 3.00 25.62
1.50 3.00 25.25
1.75 3.00 25.74
2.00 3.00 26.23
2.25 3.00 26.46
2.50 3.00 26.70
2.75 3.00 27.54
3.00 3.00 28.38
3.25 3.00 30.34
3.50 3.00 32.28
3.75 3.00 31.56
4.00 3.00 30.84
4.25 3.00 31.20
4.50 3.00 31.56
4.75 3.00 31.60
5.00 3.00 31.64
5.25 3.00 32.58
5.50 3.00 33.52
5.75 3.00 45.81
6.00 3.00 58.10
6.25 3.00 76.17
6.50 3.00 94.22
6.75 3.00 96.14
7.00 3.00 98.05
7.25 3.00 101.17
7.50 3.00 104.30
0.50 3.25 24.59
0.75 3.25 25.02
1.00 3.25 25.46
1.25 3.25 25.90
1.50 3.25 25.52
1.75 3.25 26.02
2.00 3.25 26.25
2.25 3.25 26.48
2.50 3.25 26.71
2.75 3.25 27.56
3.00 3.25 28.40
3.25 3.25 29.25
3.50 3.25 31.20
3.75 3.25 30.47
4.00 3.25 30.84
4.25 3.25 31.20
4.50 3.25 31.57
4.75 3.25 31.61
5.00 3.25 31.65
5.25 3.25 31.69
5.50 3.25 32.62
5.75 3.25 44.92
6.00 3.25 57.21
6.25 3.25 69.51
6.50 3.25 87.57
6.75 3.25 89.48
7.00 3.25 92.60
7.25 3.25 95.73
7.50 3.25 98.86
0.50 3.50 24.06
0.75 3.50 24.49
1.00 3.50 24.93
1.25 3.50 25.37
1.50 3.50 25.80
1.75 3.50 26.03
2.00 3.50 26.27
2.25 3.50 26.50
2.50 3.50 26.73
2.75 3.50 27.57
3.00 3.50 28.42
3.25 3.50 29.27
3.50 3.50 30.11
3.75 3.50 30.48
4.00 3.50 30.84
4.25 3.50 31.21
4.50 3.50 31.57
4.75 3.50 31.61
5.00 3.50 31.65
5.25 3.50 31.69
5.50 3.50 31.73
5.75 3.50 44.02
6.00 3.50 56.32
6.25 3.50 68.61
6.50 3.50 80.91
6.75 3.50 84.03
7.00 3.50 87.16
7.25 3.50 90.28
7.50 3.50 93.41
