0.50 0.50 71.28
0.75 0.50 72.82
1.00 0.50 74.37
1.25 0.50 75.91
1.50 0.50 77.45
1.75 0.50 80.39
2.00 0.50 83.34
2.25 0.50 86.28
2.50 0.50 89.22
2.75 0.50 84.36
3.00 0.50 79.51
3.25 0.50 74.66
3.50 0.50 69.80
3.75 0.50 69.31
4.00 0.50 68.81
4.25 0.50 68.32
4.50 0.50 67.83
4.75 0.50 73.02
5.00 0.50 78.22
5.25 0.50 83.41
5.50 0.50 88.60
5.75 0.50 86.43
6.00 0.50 84.26
6.25 0.50 82.09
6.50 0.50 79.92
6.75 0.50 150.83
7.00 0.50 221.74
7.25 0.50 292.64
7.50 0.50 363.55
0.50 0.75 72.25
0.75 0.75 71.31
1.00 0.75 72.85
1.25 0.75 74.39
1.50 0.75 75.93
1.75 0.75 78.88
2.00 0.75 81.82
2.25 0.75 84.76
2.50 0.75 87.76
2.75 0.75 87.00
3.00 0.75 82.14
3.25 0.75 77.29
3.50 0.75 72.43
3.75 0.75 71.94
4.00 0.75 71.45
4.25 0.75 70.95
4.50 0.75 71.68
4.75 0.75 74.03
5.00 0.75 79.22
5.25 0.75 84.41
5.50 0.75 89.60
5.75 0.75 87.44
6.00 0.75 85.27
6.25 0.75 83.09
6.50 0.75 187.19
6.75 0.75 116.30
7.00 0.75 187.21
7.25 0.75 258.12
7.50 0.75 329.03
0.50 1.00 73.22
0.75 1.00 72.27
1.00 1.00 71.33
1.25 1.00 72.87
1.50 1.00 74.41
1.75 1.00 77.36
2.00 1.00 80.30
2.25 1.00 83.30
2.50 1.00 86.30
2.75 1.00 85.54
3.00 1.00 84.78
3.25 1.00 79.92
3.50 1.00 75.06
3.75 1.00 74.57
4.00 1.00 74.08
4.25 1.00 74.80
4.50 1.00 75.53
4.75 1.00 77.88
5.00 1.00 80.22
5.25 1.00 85.42
5.50 1.00 90.61
5.75 1.00 88.44
6.00 1.00 86.27
6.25 1.00 190.37
6.50 1.00 294.46
6.75 1.00 223.57
7.00 1.00 152.69
7.25 1.00 223.59
7.50 1.00 294.50
0.50 1.25 74.18
0.75 1.25 73.24
1.00 1.25 72.30
1.25 1.25 71.35
1.50 1.25 72.90
1.75 1.25 75.84
2.00 1.25 78.84
2.25 1.25 81.84
2.50 1.25 84.84
2.75 1.25 84.08
3.00 1.25 83.31
3.25 1.25 82.55
3.50 1.25 77.70
3.75 1.25 77.20
4.00 1.25 77.93
4.25 1.25 78.65
4.50 1.25 79.37
4.75 1.25 81.72
5.00 1.25 84.07
5.25 1.25 86.42
5.50 1.25 91.62
5.75 1.25 89.45
6.00 1.25 193.54
6.25 1.25 297.63
6.50 1.25 401.73
6.75 1.25 330.84
7.00 1.25 259.95
7.25 1.25 189.07
7.50 1.25 259.97
0.50 1.50 75.15
0.75 1.50 74.21
1.00 1.50 73.27
1.25 1.50 72.32
1.50 1.50 71.38
1.75 1.50 74.38
2.00 1.50 77.38
2.25 1.50 80.38
2.50 1.50 83.38
2.75 1.50 82.62
3.00 1.50 81.85
3.25 1.50 81.09
3.50 1.50 80.33
3.75 1.50 81.05
4.00 1.50 81.78
4.25 1.50 82.50
4.50 1.50 83.22
4.75 1.50 85.57
5.00 1.50 87.92
5.25 1.50 90.27
5.50 1.50 92.62
5.75 1.50 196.72
6.00 1.50 300.81
6.25 1.50 404.90
6.50 1.50 509.00
6.75 1.50 438.11
7.00 1.50 367.23
7.25 1.50 296.34
7.50 1.50 225.45
0.50 1.75 73.33
0.75 1.75 72.38
1.00 1.75 71.44
1.25 1.75 70.50
1.50 1.75 69.13
1.75 1.75 70.37
2.00 1.75 73.37
2.25 1.75 76.37
2.50 1.75 79.37
2.75 1.75 78.60
3.00 1.75 77.84
3.25 1.75 77.08
3.50 1.75 82.10
3.75 1.75 80.15
4.00 1.75 80.88
4.25 1.75 81.60
4.50 1.75 82.32
4.75 1.75 84.67
5.00 1.75 87.02
5.25 1.75 89.37
5.50 1.75 92.12
5.75 1.75 137.98
6.00 1.75 242.08
6.25 1.75 346.17
6.50 1.75 450.27
6.75 1.75 379.38
7.00 1.75 308.49
7.25 1.75 237.60
7.50 1.75 252.06
0.50 2.00 71.50
0.75 2.00 70.56
1.00 2.00 69.61
1.25 2.00 68.25
1.50 2.00 66.88
1.75 2.00 68.12
2.00 2.00 69.35
2.25 2.00 72.35
2.50 2.00 75.35
2.75 2.00 74.59
3.00 2.00 73.83
3.25 2.00 78.85
3.50 2.00 83.88
3.75 2.00 81.92
4.00 2.00 79.97
4.25 2.00 80.70
4.50 2.00 81.42
4.75 2.00 83.77
5.00 2.00 86.12
5.25 2.00 88.87
5.50 2.00 91.61
5.75 2.00 137.48
6.00 2.00 183.34
6.25 2.00 287.44
6.50 2.00 391.53
6.75 2.00 320.65
7.00 2.00 249.76
7.25 2.00 264.21
7.50 2.00 278.66
0.50 2.25 69.67
0.75 2.25 68.73
1.00 2.25 67.36
1.25 2.25 66.00
1.50 2.25 64.63
1.75 2.25 65.87
2.00 2.25 67.10
2.25 2.25 68.34
2.50 2.25 71.34
2.75 2.25 70.58
3.00 2.25 75.60
3.25 2.25 80.62
3.50 2.25 85.65
3.75 2.25 83.70
4.00 2.25 81.75
4.25 2.25 79.80
4.50 2.25 80.52
4.75 2.25 82.87
5.00 2.25 85.62
5.25 2.25 88.36
5.50 2.25 91.10
5.75 2.25 136.97
6.00 2.25 182.84
6.25 2.25 228.71
6.50 2.25 332.80
6.75 2.25 261.92
7.00 2.25 276.37
7.25 2.25 290.82
7.50 2.25 305.27
0.50 2.50 67.85
0.75 2.50 66.48
1.00 2.50 65.11
1.25 2.50 63.75
1.50 2.50 62.38
1.75 2.50 63.62
2.00 2.50 64.86
2.25 2.50 66.09
2.50 2.50 67.33
2.75 2.50 72.35
3.00 2.50 77.38
3.25 2.50 82.40
3.50 2.50 87.42
3.75 2.50 85.47
4.00 2.50 83.52
4.25 2.50 81.57
4.50 2.50 79.62
4.75 2.50 82.37
5.00 2.50 85.11
5.25 2.50 87.85
5.50 2.50 90.60
5.75 2.50 136.47
6.00 2.50 182.33
6.25 2.50 228.20
6.50 2.50 274.07
6.75 2.50 288.52
7.00 2.50 302.98
7.25 2.50 317.43
7.50 2.50 331.88
0.50 2.75 66.04
0.75 2.75 67.16
1.00 2.75 65.80
1.25 2.75 64.43
1.50 2.75 63.06
1.75 2.75 64.30
2.00 2.75 65.53
2.25 2.75 66.77
2.50 2.75 67.36
2.75 2.75 69.68
3.00 2.75 74.70
3.25 2.75 79.72
3.50 2.75 84.75
3.75 2.75 82.80
4.00 2.75 80.84
4.25 2.75 78.90
4.50 2.75 79.63
4.75 2.75 79.70
5.00 2.75 82.45
5.25 2.75 85.19
5.50 2.75 87.94
5.75 2.75 119.28
6.00 2.75 165.15
6.25 2.75 211.02
6.50 2.75 256.88
6.75 2.75 271.34
7.00 2.75 285.79
7.25 2.75 300.24
7.50 2.75 307.87
0.50 3.00 64.23
0.75 3.00 65.35
1.00 3.00 66.47
1.25 3.00 65.11
1.50 3.00 63.74
1.75 3.00 64.98
2.00 3.00 66.22
2.25 3.00 66.80
2.50 3.00 67.39
2.75 3.00 69.71
3.00 3.00 72.03
3.25 3.00 77.05
3.50 3.00 82.07
3.75 3.00 80.12
4.00 3.00 78.17
4.25 3.00 78.90
4.50 3.00 79.64
4.75 3.00 79.71
5.00 3.00 79.78
5.25 3.00 82.53
5.50 3.00 85.28
5.75 3.00 116.62
6.00 3.00 147.96
6.25 3.00 193.83
6.50 3.00 239.69
6.75 3.00 254.15
7.00 3.00 268.60
7.25 3.00 276.22
7.50 3.00 283.85
0.50 3.25 62.43
0.75 3.25 63.55
1.00 3.25 64.67
1.25 3.25 65.79
1.50 3.25 64.42
1.75 3.25 65.66
2.00 3.25 66.24
2.25 3.25 66.83
2.50 3.25 67.42
2.75 3.25 69.74
3.00 3.25 72.05
3.25 3.25 74.37
3.50 3.25 79.39
3.75 3.25 77.44
4.00 3.25 78.18
4.25 3.25 78.91
4.50 3.25 79.64
4.75 3.25 79.72
5.00 3.25 79.79
5.25 3.25 79.87
5.50 3.25 82.61
5.75 3.25 113.96
6.00 3.25 145.30
6.25 3.25 176.64
6.50 3.25 222.51
6.75 3.25 236.96
7.00 3.25 244.58
7.25 3.25 252.21
7.50 3.25 259.84
0.50 3.50 60.62
0.75 3.50 61.74
1.00 3.50 62.86
1.25 3.50 63.98
1.50 3.50 65.10
1.75 3.50 65.69
2.00 3.50 66.28
2.25 3.50 66.86
2.50 3.50 67.45
2.75 3.50 69.77
3.00 3.50 72.09
3.25 3.50 74.40
3.50 3.50 76.72
3.75 3.50 77.45
4.00 3.50 78.19
4.25 3.50 78.92
4.50 3.50 79.65
4.75 3.50 79.73
5.00 3.50 79.80
5.25 3.50 79.88
5.50 3.50 79.95
5.75 3.50 111.29
6.00 3.50 142.63
6.25 3.50 173.98
6.50 3.50 205.32
6.75 3.50 212.94
7.00 3.50 220.57
7.25 3.50 228.19
7.50 3.50 235.82
