0.50 0.50 91.44
0.75 0.50 102.11
1.00 0.50 112.78
1.25 0.50 123.44
1.50 0.50 134.11
1.75 0.50 118.88
2.00 0.50 103.65
2.25 0.50 88.41
2.50 0.50 73.18
2.75 0.50 72.84
3.00 0.50 72.50
3.25 0.50 72.17
3.50 0.50 71.83
3.75 0.50 64.24
4.00 0.50 56.64
4.25 0.50 49.05
4.50 0.50 41.46
4.75 0.50 40.10
5.00 0.50 38.74
5.25 0.50 37.38
5.50 0.50 36.02
5.75 0.50 47.48
6.00 0.50 58.94
6.25 0.50 70.40
6.50 0.50 81.86
6.75 0.50 258.02
7.00 0.50 434.19
7.25 0.50 610.35
7.50 0.50 786.51
0.50 0.75 98.43
0.75 0.75 90.85
1.00 0.75 101.52
1.25 0.75 112.19
1.50 0.75 122.86
1.75 0.75 107.62
2.00 0.75 92.39
2.25 0.75 77.16
2.50 0.75 80.88
2.75 0.75 75.84
3.00 0.75 75.50
3.25 0.75 75.17
3.50 0.75 74.83
3.75 0.75 67.24
4.00 0.75 59.64
4.25 0.75 52.05
4.50 0.75 43.73
4.75 0.75 50.29
5.00 0.75 48.93
5.25 0.75 47.57
5.50 0.75 46.21
5.75 0.75 57.67
6.00 0.75 69.13
6.25 0.75 80.59
6.50 0.75 435.67
6.75 0.75 107.11
7.00 0.75 283.27
7.25 0.75 459.44
7.50 0.75 635.60
0.50 1.00 105.42
0.75 1.00 97.84
1.00 1.00 90.27
1.25 1.00 100.93
1.50 1.00 111.60
1.75 1.00 96.37
2.00 1.00 81.14
2.25 1.00 84.86
2.50 1.00 88.58
2.75 1.00 83.54
3.00 1.00 78.50
3.25 1.00 78.17
3.50 1.00 77.83
3.75 1.00 70.24
4.00 1.00 62.64
4.25 1.00 54.33
4.50 1.00 46.01
4.75 1.00 52.56
5.00 1.00 59.12
5.25 1.00 57.76
5.50 1.00 56.40
5.75 1.00 67.86
6.00 1.00 79.32
6.25 1.00 434.40
6.50 1.00 789.49
6.75 1.00 460.92
7.00 1.00 132.36
7.25 1.00 308.52
7.50 1.00 484.69
0.50 1.25 112.42
0.75 1.25 104.84
1.00 1.25 97.26
1.25 1.25 89.68
1.50 1.25 100.34
1.75 1.25 85.11
2.00 1.25 88.83
2.25 1.25 92.55
2.50 1.25 96.27
2.75 1.25 91.24
3.00 1.25 86.20
3.25 1.25 81.17
3.50 1.25 80.83
3.75 1.25 73.24
4.00 1.25 64.92
4.25 1.25 56.60
4.50 1.25 48.29
4.75 1.25 54.84
5.00 1.25 61.40
5.25 1.25 67.95
5.50 1.25 66.59
5.75 1.25 78.05
6.00 1.25 433.13
6.25 1.25 788.22
6.50 1.25 1143.30
6.75 1.25 814.74
7.00 1.25 486.17
7.25 1.25 157.61
7.50 1.25 333.77
0.50 1.50 119.41
0.75 1.50 111.83
1.00 1.50 104.25
1.25 1.50 96.67
1.50 1.50 89.09
1.75 1.50 92.81
2.00 1.50 96.53
2.25 1.50 100.25
2.50 1.50 103.97
2.75 1.50 98.93
3.00 1.50 93.90
3.25 1.50 88.87
3.50 1.50 83.83
3.75 1.50 75.51
4.00 1.50 67.19
4.25 1.50 58.88
4.50 1.50 50.56
4.75 1.50 57.12
5.00 1.50 63.67
5.25 1.50 70.22
5.50 1.50 76.78
5.75 1.50 431.86
6.00 1.50 786.95
6.25 1.50 1142.03
6.50 1.50 1497.12
6.75 1.50 1168.55
7.00 1.50 839.99
7.25 1.50 511.42
7.50 1.50 182.86
0.50 1.75 112.21
0.75 1.75 104.62
1.00 1.75 97.04
1.25 1.75 89.47
1.50 1.75 86.15
1.75 1.75 80.65
2.00 1.75 84.37
2.25 1.75 88.09
2.50 1.75 91.81
2.75 1.75 86.77
3.00 1.75 81.74
3.25 1.75 76.70
3.50 1.75 76.43
3.75 1.75 75.07
4.00 1.75 66.75
4.25 1.75 58.43
4.50 1.75 50.12
4.75 1.75 56.67
5.00 1.75 63.23
5.25 1.75 69.78
5.50 1.75 87.00
5.75 1.75 144.78
6.00 1.75 499.86
6.25 1.75 854.95
6.50 1.75 1210.03
6.75 1.75 881.47
7.00 1.75 552.90
7.25 1.75 224.34
7.50 1.75 354.54
0.50 2.00 105.00
0.75 2.00 97.42
1.00 2.00 89.84
1.25 2.00 86.53
1.50 2.00 83.22
1.75 2.00 77.71
2.00 2.00 72.21
2.25 2.00 75.93
2.50 2.00 79.65
2.75 2.00 74.62
3.00 2.00 69.58
3.25 2.00 69.30
3.50 2.00 69.03
3.75 2.00 67.67
4.00 2.00 66.31
4.25 2.00 57.99
4.50 2.00 49.67
4.75 2.00 56.23
5.00 2.00 62.78
5.25 2.00 80.00
5.50 2.00 97.22
5.75 2.00 155.00
6.00 2.00 212.77
6.25 2.00 567.86
6.50 2.00 922.94
6.75 2.00 594.38
7.00 2.00 265.81
7.25 2.00 396.02
7.50 2.00 526.23
0.50 2.25 97.79
0.75 2.25 90.22
1.00 2.25 86.90
1.25 2.25 83.59
1.50 2.25 80.28
1.75 2.25 74.78
2.00 2.25 69.27
2.25 2.25 63.77
2.50 2.25 67.49
2.75 2.25 62.45
3.00 2.25 62.18
3.25 2.25 61.91
3.50 2.25 61.63
3.75 2.25 60.27
4.00 2.25 58.90
4.25 2.25 57.54
4.50 2.25 49.23
4.75 2.25 55.78
5.00 2.25 73.00
5.25 2.25 90.22
5.50 2.25 107.43
5.75 2.25 165.21
6.00 2.25 222.99
6.25 2.25 280.77
6.50 2.25 635.86
6.75 2.25 307.29
7.00 2.25 437.50
7.25 2.25 567.70
7.50 2.25 697.91
0.50 2.50 90.59
0.75 2.50 87.28
1.00 2.50 83.97
1.25 2.50 80.65
1.50 2.50 77.34
1.75 2.50 71.84
2.00 2.50 66.34
2.25 2.50 60.83
2.50 2.50 55.33
2.75 2.50 55.05
3.00 2.50 54.78
3.25 2.50 54.50
3.50 2.50 54.23
3.75 2.50 52.87
4.00 2.50 51.50
4.25 2.50 50.14
4.50 2.50 48.78
4.75 2.50 66.00
5.00 2.50 83.22
5.25 2.50 100.43
5.50 2.50 117.65
5.75 2.50 175.43
6.00 2.50 233.21
6.25 2.50 290.99
6.50 2.50 348.77
6.75 2.50 478.98
7.00 2.50 609.18
7.25 2.50 739.38
7.50 2.50 869.59
0.50 2.75 77.20
0.75 2.75 77.92
1.00 2.75 74.61
1.25 2.75 71.29
1.50 2.75 67.98
1.75 2.75 62.48
2.00 2.75 56.98
2.25 2.75 51.47
2.50 2.75 48.34
2.75 2.75 61.76
3.00 2.75 61.49
3.25 2.75 61.21
3.50 2.75 60.94
3.75 2.75 59.58
4.00 2.75 58.21
4.25 2.75 56.85
4.50 2.75 52.91
4.75 2.75 48.80
5.00 2.75 66.02
5.25 2.75 83.23
5.50 2.75 100.45
5.75 2.75 152.73
6.00 2.75 210.51
6.25 2.75 268.29
6.50 2.75 326.07
6.75 2.75 456.27
7.00 2.75 586.48
7.25 2.75 716.68
7.50 2.75 700.62
0.50 3.00 63.81
0.75 3.00 64.53
1.00 3.00 65.25
1.25 3.00 61.93
1.50 3.00 58.62
1.75 3.00 53.12
2.00 3.00 47.61
2.25 3.00 44.48
2.50 3.00 41.34
2.75 3.00 54.77
3.00 3.00 68.19
3.25 3.00 67.92
3.50 3.00 67.64
3.75 3.00 66.28
4.00 3.00 64.92
4.25 3.00 60.98
4.50 3.00 57.04
4.75 3.00 52.93
5.00 3.00 48.82
5.25 3.00 66.04
5.50 3.00 83.25
5.75 3.00 135.53
6.00 3.00 187.81
6.25 3.00 245.58
6.50 3.00 303.37
6.75 3.00 433.57
7.00 3.00 563.77
7.25 3.00 547.71
7.50 3.00 531.65
0.50 3.25 50.42
0.75 3.25 51.14
1.00 3.25 51.85
1.25 3.25 52.57
1.50 3.25 49.26
1.75 3.25 43.76
2.00 3.25 40.62
2.25 3.25 37.49
2.50 3.25 34.35
2.75 3.25 47.78
3.00 3.25 61.20
3.25 3.25 74.63
3.50 3.25 74.35
3.75 3.25 72.99
4.00 3.25 69.05
4.25 3.25 65.11
4.50 3.25 61.16
4.75 3.25 57.06
5.00 3.25 52.95
5.25 3.25 48.84
5.50 3.25 66.06
5.75 3.25 118.33
6.00 3.25 170.61
6.25 3.25 222.88
6.50 3.25 280.66
6.75 3.25 410.87
7.00 3.25 394.81
7.25 3.25 378.74
7.50 3.25 362.68
0.50 3.50 37.03
0.75 3.50 37.75
1.00 3.50 38.47
1.25 3.50 39.18
1.50 3.50 39.90
1.75 3.50 36.77
2.00 3.50 33.63
2.25 3.50 30.49
2.50 3.50 27.36
2.75 3.50 40.78
3.00 3.50 54.21
3.25 3.50 67.64
3.50 3.50 81.06
3.75 3.50 77.12
4.00 3.50 73.18
4.25 3.50 69.23
4.50 3.50 65.29
4.75 3.50 61.18
5.00 3.50 57.08
5.25 3.50 52.97
5.50 3.50 48.86
5.75 3.50 101.13
6.00 3.50 153.41
6.25 3.50 205.68
6.50 3.50 257.96
6.75 3.50 241.90
7.00 3.50 225.83
7.25 3.50 209.77
7.50 3.50 193.71
