0.50 0.50 25.11
0.75 0.50 27.01
1.00 0.50 28.91
1.25 0.50 30.80
1.50 0.50 32.70
1.75 0.50 33.94
2.00 0.50 35.17
2.25 0.50 36.41
2.50 0.50 37.65
2.75 0.50 35.87
3.00 0.50 34.09
3.25 0.50 32.32
3.50 0.50 30.54
3.75 0.50 34.04
4.00 0.50 37.54
4.25 0.50 41.04
4.50 0.50 44.54
4.75 0.50 79.88
5.00 0.50 115.21
5.25 0.50 150.55
5.50 0.50 185.89
5.75 0.50 166.86
6.00 0.50 147.84
6.25 0.50 128.81
6.50 0.50 109.79
6.75 0.50 93.71
7.00 0.50 77.64
7.25 0.50 61.56
7.50 0.50 45.48
0.50 0.75 25.12
0.75 0.75 26.36
1.00 0.75 28.26
1.25 0.75 30.16
1.50 0.75 32.05
1.75 0.75 33.29
2.00 0.75 34.53
2.25 0.75 35.77
2.50 0.75 34.81
2.75 0.75 34.90
3.00 0.75 33.12
3.25 0.75 31.35
3.50 0.75 29.57
3.75 0.75 33.07
4.00 0.75 36.57
4.25 0.75 40.07
4.50 0.75 40.32
4.75 0.75 61.26
5.00 0.75 96.59
5.25 0.75 131.93
5.50 0.75 167.27
5.75 0.75 148.24
6.00 0.75 129.22
6.25 0.75 110.19
6.50 0.75 100.68
6.75 0.75 96.23
7.00 0.75 80.15
7.25 0.75 64.08
7.50 0.75 48.00
0.50 1.00 25.13
0.75 1.00 26.37
1.00 1.00 27.62
1.25 1.00 29.51
1.50 1.00 31.41
1.75 1.00 32.65
2.00 1.00 33.88
2.25 1.00 32.93
2.50 1.00 31.98
2.75 1.00 32.06
3.00 1.00 32.16
3.25 1.00 30.38
3.50 1.00 28.60
3.75 1.00 32.10
4.00 1.00 35.60
4.25 1.00 35.85
4.50 1.00 36.10
4.75 1.00 57.04
5.00 1.00 77.97
5.25 1.00 113.31
5.50 1.00 148.64
5.75 1.00 129.62
6.00 1.00 110.59
6.25 1.00 101.08
6.50 1.00 91.57
6.75 1.00 87.12
7.00 1.00 82.67
7.25 1.00 66.59
7.50 1.00 50.52
0.50 1.25 25.14
0.75 1.25 26.38
1.00 1.25 27.62
1.25 1.25 28.87
1.50 1.25 30.77
1.75 1.25 32.00
2.00 1.25 31.05
2.25 1.25 30.09
2.50 1.25 29.14
2.75 1.25 29.23
3.00 1.25 29.32
3.25 1.25 29.41
3.50 1.25 27.63
3.75 1.25 31.13
4.00 1.25 31.38
4.25 1.25 31.63
4.50 1.25 31.88
4.75 1.25 52.81
5.00 1.25 73.75
5.25 1.25 94.69
5.50 1.25 130.02
5.75 1.25 111.00
6.00 1.25 101.49
6.25 1.25 91.97
6.50 1.25 82.46
6.75 1.25 78.01
7.00 1.25 73.56
7.25 1.25 69.11
7.50 1.25 53.03
0.50 1.50 25.15
0.75 1.50 26.39
1.00 1.50 27.63
1.25 1.50 28.88
1.50 1.50 30.12
1.75 1.50 29.16
2.00 1.50 28.21
2.25 1.50 27.26
2.50 1.50 26.30
2.75 1.50 26.39
3.00 1.50 26.48
3.25 1.50 26.57
3.50 1.50 26.66
3.75 1.50 26.91
4.00 1.50 27.16
4.25 1.50 27.41
4.50 1.50 27.66
4.75 1.50 48.59
5.00 1.50 69.53
5.25 1.50 90.47
5.50 1.50 111.40
5.75 1.50 101.89
6.00 1.50 92.38
6.25 1.50 82.86
6.50 1.50 73.35
6.75 1.50 68.90
7.00 1.50 64.45
7.25 1.50 60.00
7.50 1.50 55.55
0.50 1.75 25.09
0.75 1.75 26.33
1.00 1.75 27.57
1.25 1.75 28.81
1.50 1.75 29.21
1.75 1.75 29.04
2.00 1.75 28.08
2.25 1.75 27.13
2.50 1.75 26.17
2.75 1.75 26.26
3.00 1.75 26.35
3.25 1.75 26.44
3.50 1.75 26.94
3.75 1.75 27.31
4.00 1.75 27.56
4.25 1.75 27.81
4.50 1.75 28.06
4.75 1.75 48.99
5.00 1.75 69.93
5.25 1.75 90.86
5.50 1.75 111.33
5.75 1.75 101.77
6.00 1.75 92.26
6.25 1.75 82.75
6.50 1.75 73.23
6.75 1.75 68.78
7.00 1.75 64.34
7.25 1.75 59.88
7.50 1.75 75.18
0.50 2.00 25.02
0.75 2.00 26.27
1.00 2.00 27.51
1.25 2.00 27.91
1.50 2.00 28.30
1.75 2.00 28.13
2.00 2.00 27.95
2.25 2.00 27.00
2.50 2.00 26.05
2.75 2.00 26.13
3.00 2.00 26.23
3.25 2.00 26.72
3.50 2.00 27.21
3.75 2.00 27.58
4.00 2.00 27.95
4.25 2.00 28.20
4.50 2.00 28.45
4.75 2.00 49.39
5.00 2.00 70.33
5.25 2.00 90.79
5.50 2.00 111.26
5.75 2.00 101.70
6.00 2.00 92.15
6.25 2.00 82.63
6.50 2.00 73.12
6.75 2.00 68.67
7.00 2.00 64.22
7.25 2.00 79.52
7.50 2.00 94.81
0.50 2.25 24.96
0.75 2.25 26.20
1.00 2.25 26.60
1.25 2.25 26.99
1.50 2.25 27.39
1.75 2.25 27.22
2.00 2.25 27.05
2.25 2.25 26.87
2.50 2.25 25.92
2.75 2.25 26.01
3.00 2.25 26.50
3.25 2.25 27.00
3.50 2.25 27.49
3.75 2.25 27.86
4.00 2.25 28.23
4.25 2.25 28.60
4.50 2.25 28.85
4.75 2.25 49.79
5.00 2.25 70.25
5.25 2.25 90.72
5.50 2.25 111.19
5.75 2.25 101.63
6.00 2.25 92.08
6.25 2.25 82.52
6.50 2.25 73.00
6.75 2.25 68.56
7.00 2.25 83.85
7.25 2.25 99.14
7.50 2.25 114.44
0.50 2.50 24.90
0.75 2.50 25.29
1.00 2.50 25.69
1.25 2.50 26.09
1.50 2.50 26.48
1.75 2.50 26.31
2.00 2.50 26.13
2.25 2.50 25.96
2.50 2.50 25.79
2.75 2.50 26.29
3.00 2.50 26.78
3.25 2.50 27.27
3.50 2.50 27.77
3.75 2.50 28.14
4.00 2.50 28.51
4.25 2.50 28.88
4.50 2.50 29.25
4.75 2.50 49.72
5.00 2.50 70.19
5.25 2.50 90.65
5.50 2.50 111.12
5.75 2.50 101.56
6.00 2.50 92.00
6.25 2.50 82.45
6.50 2.50 72.89
6.75 2.50 88.19
7.00 2.50 103.48
7.25 2.50 118.77
7.50 2.50 134.07
0.50 2.75 24.81
0.75 2.75 24.81
1.00 2.75 25.21
1.25 2.75 25.60
1.50 2.75 26.00
1.75 2.75 25.83
2.00 2.75 25.66
2.25 2.75 25.48
2.50 2.75 25.75
2.75 2.75 25.95
3.00 2.75 26.44
3.25 2.75 26.94
3.50 2.75 27.43
3.75 2.75 27.80
4.00 2.75 28.17
4.25 2.75 28.54
4.50 2.75 29.30
4.75 2.75 30.82
5.00 2.75 51.29
5.25 2.75 71.76
5.50 2.75 92.23
5.75 2.75 107.69
6.00 2.75 98.14
6.25 2.75 88.58
6.50 2.75 79.02
6.75 2.75 94.31
7.00 2.75 109.61
7.25 2.75 124.91
7.50 2.75 127.09
0.50 3.00 24.73
0.75 3.00 24.73
1.00 3.00 24.73
1.25 3.00 25.12
1.50 3.00 25.52
1.75 3.00 25.35
2.00 3.00 25.17
2.25 3.00 25.45
2.50 3.00 25.71
2.75 3.00 25.91
3.00 3.00 26.10
3.25 3.00 26.59
3.50 3.00 27.09
3.75 3.00 27.46
4.00 3.00 27.83
4.25 3.00 28.59
4.50 3.00 29.36
4.75 3.00 30.88
5.00 3.00 32.40
5.25 3.00 52.87
5.50 3.00 73.34
5.75 3.00 88.80
6.00 3.00 104.27
6.25 3.00 94.71
6.50 3.00 85.15
6.75 3.00 100.44
7.00 3.00 115.74
7.25 3.00 117.92
7.50 3.00 120.10
0.50 3.25 24.64
0.75 3.25 24.64
1.00 3.25 24.64
1.25 3.25 24.64
1.50 3.25 25.04
1.75 3.25 24.87
2.00 3.25 25.14
2.25 3.25 25.41
2.50 3.25 25.68
2.75 3.25 25.87
3.00 3.25 26.06
3.25 3.25 26.26
3.50 3.25 26.75
3.75 3.25 27.12
4.00 3.25 27.88
4.25 3.25 28.64
4.50 3.25 29.41
4.75 3.25 30.93
5.00 3.25 32.45
5.25 3.25 33.97
5.50 3.25 54.44
5.75 3.25 69.91
6.00 3.25 85.37
6.25 3.25 100.84
6.50 3.25 91.28
6.75 3.25 106.58
7.00 3.25 108.76
7.25 3.25 110.94
7.50 3.25 113.12
0.50 3.50 24.56
0.75 3.50 24.56
1.00 3.50 24.56
1.25 3.50 24.56
1.50 3.50 24.56
1.75 3.50 24.83
2.00 3.50 25.10
2.25 3.50 25.37
2.50 3.50 25.64
2.75 3.50 25.83
3.00 3.50 26.02
3.25 3.50 26.22
3.50 3.50 26.41
3.75 3.50 27.17
4.00 3.50 27.94
4.25 3.50 28.70
4.50 3.50 29.46
4.75 3.50 30.98
5.00 3.50 32.50
5.25 3.50 34.03
5.50 3.50 35.55
5.75 3.50 51.02
6.00 3.50 66.48
6.25 3.50 81.95
6.50 3.50 97.41
6.75 3.50 99.59
7.00 3.50 101.78
7.25 3.50 103.96
7.50 3.50 106.14
