0.50 0.50 63.73
0.75 0.50 68.40
1.00 0.50 73.06
1.25 0.50 77.73
1.50 0.50 82.40
1.75 0.50 85.50
2.00 0.50 88.60
2.25 0.50 91.70
2.50 0.50 94.80
2.75 0.50 90.62
3.00 0.50 86.44
3.25 0.50 82.26
3.50 0.50 78.08
3.75 0.50 87.95
4.00 0.50 97.83
4.25 0.50 107.70
4.50 0.50 117.58
4.75 0.50 209.38
5.00 0.50 301.18
5.25 0.50 392.97
5.50 0.50 484.77
5.75 0.50 432.72
6.00 0.50 380.67
6.25 0.50 328.62
6.50 0.50 276.57
6.75 0.50 236.17
7.00 0.50 195.76
7.25 0.50 155.36
7.50 0.50 114.95
0.50 0.75 63.75
0.75 0.75 66.86
1.00 0.75 71.53
1.25 0.75 76.20
1.50 0.75 80.86
1.75 0.75 83.96
2.00 0.75 87.06
2.25 0.75 90.16
2.50 0.75 87.62
2.75 0.75 88.06
3.00 0.75 83.88
3.25 0.75 79.70
3.50 0.75 75.52
3.75 0.75 85.39
4.00 0.75 95.27
4.25 0.75 105.14
4.50 0.75 105.64
4.75 0.75 158.38
5.00 0.75 250.18
5.25 0.75 341.98
5.50 0.75 433.78
5.75 0.75 381.73
6.00 0.75 329.68
6.25 0.75 277.63
6.50 0.75 253.85
6.75 0.75 242.45
7.00 0.75 202.05
7.25 0.75 161.64
7.50 0.75 121.24
0.50 1.00 63.77
0.75 1.00 66.88
1.00 1.00 69.99
1.25 1.00 74.66
1.50 1.00 79.33
1.75 1.00 82.43
2.00 1.00 85.53
2.25 1.00 82.99
2.50 1.00 80.45
2.75 1.00 80.88
3.00 1.00 81.31
3.25 1.00 77.13
3.50 1.00 72.95
3.75 1.00 82.83
4.00 1.00 92.70
4.25 1.00 93.20
4.50 1.00 93.70
4.75 1.00 146.45
5.00 1.00 199.19
5.25 1.00 290.99
5.50 1.00 382.78
5.75 1.00 330.74
6.00 1.00 278.69
6.25 1.00 254.91
6.50 1.00 231.13
6.75 1.00 219.74
7.00 1.00 208.33
7.25 1.00 167.93
7.50 1.00 127.53
0.50 1.25 63.78
0.75 1.25 66.89
1.00 1.25 70.01
1.25 1.25 73.12
1.50 1.25 77.79
1.75 1.25 80.89
2.00 1.25 78.35
2.25 1.25 75.81
2.50 1.25 73.27
2.75 1.25 73.71
3.00 1.25 74.14
3.25 1.25 74.57
3.50 1.25 70.39
3.75 1.25 80.27
4.00 1.25 80.77
4.25 1.25 81.27
4.50 1.25 81.77
4.75 1.25 134.51
5.00 1.25 187.25
5.25 1.25 240.00
5.50 1.25 331.79
5.75 1.25 279.74
6.00 1.25 255.97
6.25 1.25 232.19
6.50 1.25 208.42
6.75 1.25 197.02
7.00 1.25 185.62
7.25 1.25 174.22
7.50 1.25 133.81
0.50 1.50 63.80
0.75 1.50 66.91
1.00 1.50 70.03
1.25 1.50 73.14
1.50 1.50 76.25
1.75 1.50 73.71
2.00 1.50 71.17
2.25 1.50 68.64
2.50 1.50 66.10
2.75 1.50 66.53
3.00 1.50 66.97
3.25 1.50 67.40
3.50 1.50 67.83
3.75 1.50 68.33
4.00 1.50 68.83
4.25 1.50 69.33
4.50 1.50 69.83
4.75 1.50 122.57
5.00 1.50 175.31
5.25 1.50 228.06
5.50 1.50 280.80
5.75 1.50 257.03
6.00 1.50 233.25
6.25 1.50 209.47
6.50 1.50 185.70
6.75 1.50 174.30
7.00 1.50 162.90
7.25 1.50 151.50
7.50 1.50 140.10
0.50 1.75 63.55
0.75 1.75 66.66
1.00 1.75 69.78
1.25 1.75 72.89
1.50 1.75 74.05
1.75 1.75 73.46
2.00 1.75 70.92
2.25 1.75 68.38
2.50 1.75 65.84
2.75 1.75 66.28
3.00 1.75 66.71
3.25 1.75 67.14
3.50 1.75 68.39
3.75 1.75 69.62
4.00 1.75 70.12
4.25 1.75 70.62
4.50 1.75 71.12
4.75 1.75 123.87
5.00 1.75 176.61
5.25 1.75 229.35
5.50 1.75 281.79
5.75 1.75 257.17
6.00 1.75 233.39
6.25 1.75 209.62
6.50 1.75 185.84
6.75 1.75 174.44
7.00 1.75 163.05
7.25 1.75 151.64
7.50 1.75 189.86
0.50 2.00 63.30
0.75 2.00 66.41
1.00 2.00 69.53
1.25 2.00 70.69
1.50 2.00 71.85
1.75 2.00 71.26
2.00 2.00 70.66
2.25 2.00 68.13
2.50 2.00 65.59
2.75 2.00 66.02
3.00 2.00 66.45
3.25 2.00 67.70
3.50 2.00 68.94
3.75 2.00 70.18
4.00 2.00 71.41
4.25 2.00 71.91
4.50 2.00 72.41
4.75 2.00 125.16
5.00 2.00 177.90
5.25 2.00 230.34
5.50 2.00 282.77
5.75 2.00 258.16
6.00 2.00 233.54
6.25 2.00 209.76
6.50 2.00 185.99
6.75 2.00 174.59
7.00 2.00 163.19
7.25 2.00 201.41
7.50 2.00 239.62
0.50 2.25 63.05
0.75 2.25 66.16
1.00 2.25 67.33
1.25 2.25 68.49
1.50 2.25 69.65
1.75 2.25 69.06
2.00 2.25 68.47
2.25 2.25 67.87
2.50 2.25 65.34
2.75 2.25 65.77
3.00 2.25 67.01
3.25 2.25 68.25
3.50 2.25 69.49
3.75 2.25 70.73
4.00 2.25 71.97
4.25 2.25 73.21
4.50 2.25 73.71
4.75 2.25 126.45
5.00 2.25 178.89
5.25 2.25 231.32
5.50 2.25 283.76
5.75 2.25 259.14
6.00 2.25 234.53
6.25 2.25 209.91
6.50 2.25 186.13
6.75 2.25 174.74
7.00 2.25 212.95
7.25 2.25 251.17
7.50 2.25 289.39
0.50 2.50 62.80
0.75 2.50 63.96
1.00 2.50 65.12
1.25 2.50 66.29
1.50 2.50 67.45
1.75 2.50 66.86
2.00 2.50 66.27
2.25 2.50 65.67
2.50 2.50 65.08
2.75 2.50 66.32
3.00 2.50 67.56
3.25 2.50 68.81
3.50 2.50 70.05
3.75 2.50 71.29
4.00 2.50 72.53
4.25 2.50 73.76
4.50 2.50 75.00
4.75 2.50 127.44
5.00 2.50 179.88
5.25 2.50 232.31
5.50 2.50 284.75
5.75 2.50 260.13
6.00 2.50 235.51
6.25 2.50 210.90
6.50 2.50 186.28
6.75 2.50 224.50
7.00 2.50 262.71
7.25 2.50 300.93
7.50 2.50 339.15
0.50 2.75 62.50
0.75 2.75 62.63
1.00 2.75 63.79
1.25 2.75 64.95
1.50 2.75 66.12
1.75 2.75 65.53
2.00 2.75 64.93
2.25 2.75 64.34
2.50 2.75 65.00
2.75 2.75 65.52
3.00 2.75 66.76
3.25 2.75 68.00
3.50 2.75 69.24
3.75 2.75 70.48
4.00 2.75 71.72
4.25 2.75 72.96
4.50 2.75 74.86
4.75 2.75 78.65
5.00 2.75 131.09
5.25 2.75 183.53
5.50 2.75 235.96
5.75 2.75 276.39
6.00 2.75 251.78
6.25 2.75 227.16
6.50 2.75 202.54
6.75 2.75 240.76
7.00 2.75 278.98
7.25 2.75 317.19
7.50 2.75 321.80
0.50 3.00 62.21
0.75 3.00 62.34
1.00 3.00 62.46
1.25 3.00 63.62
1.50 3.00 64.78
1.75 3.00 64.19
2.00 3.00 63.60
2.25 3.00 64.27
2.50 3.00 64.93
2.75 3.00 65.44
3.00 3.00 65.95
3.25 3.00 67.20
3.50 3.00 68.44
3.75 3.00 69.68
4.00 3.00 70.91
4.25 3.00 72.81
4.50 3.00 74.71
4.75 3.00 78.50
5.00 3.00 82.30
5.25 3.00 134.74
5.50 3.00 187.18
5.75 3.00 227.60
6.00 3.00 268.03
6.25 3.00 243.42
6.50 3.00 218.80
6.75 3.00 257.02
7.00 3.00 295.24
7.25 3.00 299.85
7.50 3.00 304.46
0.50 3.25 61.91
0.75 3.25 62.04
1.00 3.25 62.16
1.25 3.25 62.29
1.50 3.25 63.45
1.75 3.25 62.86
2.00 3.25 63.52
2.25 3.25 64.19
2.50 3.25 64.86
2.75 3.25 65.37
3.00 3.25 65.88
3.25 3.25 66.39
3.50 3.25 67.64
3.75 3.25 68.87
4.00 3.25 70.77
4.25 3.25 72.67
4.50 3.25 74.56
4.75 3.25 78.36
5.00 3.25 82.16
5.25 3.25 85.95
5.50 3.25 138.39
5.75 3.25 178.82
6.00 3.25 219.25
6.25 3.25 259.68
6.50 3.25 235.06
6.75 3.25 273.28
7.00 3.25 277.89
7.25 3.25 282.50
7.50 3.25 287.12
0.50 3.50 61.62
0.75 3.50 61.74
1.00 3.50 61.87
1.25 3.50 61.99
1.50 3.50 62.12
1.75 3.50 62.78
2.00 3.50 63.45
2.25 3.50 64.11
2.50 3.50 64.78
2.75 3.50 65.29
3.00 3.50 65.81
3.25 3.50 66.32
3.50 3.50 66.83
3.75 3.50 68.73
4.00 3.50 70.62
4.25 3.50 72.52
4.50 3.50 74.42
4.75 3.50 78.22
5.00 3.50 82.01
5.25 3.50 85.80
5.50 3.50 89.60
5.75 3.50 130.03
6.00 3.50 170.46
6.25 3.50 210.89
6.50 3.50 251.32
6.75 3.50 255.93
7.00 3.50 260.54
7.25 3.50 265.16
7.50 3.50 269.77
