0.50 0.50 53.06
0.75 0.50 60.88
1.00 0.50 68.70
1.25 0.50 76.53
1.50 0.50 84.35
1.75 0.50 87.47
2.00 0.50 90.59
2.25 0.50 93.71
2.50 0.50 96.83
2.75 0.50 89.19
3.00 0.50 81.55
3.25 0.50 73.91
3.50 0.50 66.27
3.75 0.50 112.27
4.00 0.50 158.27
4.25 0.50 204.27
4.50 0.50 250.27
4.75 0.50 408.69
5.00 0.50 567.11
5.25 0.50 725.52
5.50 0.50 883.94
5.75 0.50 747.93
6.00 0.50 611.91
6.25 0.50 475.90
6.50 0.50 339.89
6.75 0.50 284.60
7.00 0.50 229.31
7.25 0.50 174.03
7.50 0.50 118.74
0.50 0.75 56.44
0.75 0.75 51.56
1.00 0.75 59.38
1.25 0.75 67.20
1.50 0.75 75.03
1.75 0.75 78.15
2.00 0.75 81.27
2.25 0.75 84.39
2.50 0.75 86.03
2.75 0.75 94.08
3.00 0.75 86.44
3.25 0.75 78.80
3.50 0.75 71.16
3.75 0.75 117.16
4.00 0.75 163.16
4.25 0.75 209.16
4.50 0.75 205.66
4.75 0.75 274.13
5.00 0.75 432.55
5.25 0.75 590.96
5.50 0.75 749.38
5.75 0.75 613.37
6.00 0.75 477.36
6.25 0.75 341.34
6.50 0.75 303.09
6.75 0.75 298.11
7.00 0.75 242.82
7.25 0.75 187.54
7.50 0.75 132.25
0.50 1.00 59.82
0.75 1.00 54.94
1.00 1.00 50.06
1.25 1.00 57.88
1.50 1.00 65.70
1.75 1.00 68.82
2.00 1.00 71.94
2.25 1.00 73.59
2.50 1.00 75.24
2.75 1.00 83.28
3.00 1.00 91.33
3.25 1.00 83.69
3.50 1.00 76.05
3.75 1.00 122.05
4.00 1.00 168.05
4.25 1.00 164.55
4.50 1.00 161.05
4.75 1.00 229.52
5.00 1.00 297.99
5.25 1.00 456.40
5.50 1.00 614.82
5.75 1.00 478.81
6.00 1.00 342.79
6.25 1.00 304.54
6.50 1.00 266.28
6.75 1.00 261.31
7.00 1.00 256.33
7.25 1.00 201.05
7.50 1.00 145.76
0.50 1.25 63.20
0.75 1.25 58.32
1.00 1.25 53.44
1.25 1.25 48.56
1.50 1.25 56.38
1.75 1.25 59.50
2.00 1.25 61.15
2.25 1.25 62.80
2.50 1.25 64.44
2.75 1.25 72.49
3.00 1.25 80.53
3.25 1.25 88.58
3.50 1.25 80.94
3.75 1.25 126.94
4.00 1.25 123.44
4.25 1.25 119.94
4.50 1.25 116.44
4.75 1.25 184.91
5.00 1.25 253.38
5.25 1.25 321.84
5.50 1.25 480.26
5.75 1.25 344.25
6.00 1.25 305.99
6.25 1.25 267.74
6.50 1.25 229.48
6.75 1.25 224.51
7.00 1.25 219.53
7.25 1.25 214.56
7.50 1.25 159.27
0.50 1.50 66.58
0.75 1.50 61.70
1.00 1.50 56.82
1.25 1.50 51.94
1.50 1.50 47.06
1.75 1.50 48.71
2.00 1.50 50.36
2.25 1.50 52.00
2.50 1.50 53.65
2.75 1.50 61.69
3.00 1.50 69.74
3.25 1.50 77.78
3.50 1.50 85.83
3.75 1.50 82.33
4.00 1.50 78.83
4.25 1.50 75.33
4.50 1.50 71.83
4.75 1.50 140.30
5.00 1.50 208.76
5.25 1.50 277.23
5.50 1.50 345.70
5.75 1.50 307.44
6.00 1.50 269.19
6.25 1.50 230.94
6.50 1.50 192.68
6.75 1.50 187.70
7.00 1.50 182.73
7.25 1.50 177.75
7.50 1.50 172.78
0.50 1.75 56.30
0.75 1.75 51.42
1.00 1.75 46.54
1.25 1.75 41.66
1.50 1.75 45.86
1.75 1.75 45.27
2.00 1.75 46.92
2.25 1.75 48.56
2.50 1.75 50.21
2.75 1.75 58.25
3.00 1.75 66.30
3.25 1.75 74.34
3.50 1.75 78.72
3.75 1.75 92.78
4.00 1.75 89.28
4.25 1.75 85.78
4.50 1.75 82.28
4.75 1.75 150.75
5.00 1.75 219.21
5.25 1.75 287.68
5.50 1.75 398.16
5.75 1.75 339.26
6.00 1.75 301.00
6.25 1.75 262.75
6.50 1.75 224.50
6.75 1.75 219.52
7.00 1.75 214.55
7.25 1.75 209.57
7.50 1.75 199.60
0.50 2.00 46.02
0.75 2.00 41.14
1.00 2.00 36.26
1.25 2.00 40.45
1.50 2.00 44.65
1.75 2.00 44.06
2.00 2.00 43.48
2.25 2.00 45.12
2.50 2.00 46.77
2.75 2.00 54.81
3.00 2.00 62.86
3.25 2.00 67.23
3.50 2.00 71.61
3.75 2.00 85.67
4.00 2.00 99.72
4.25 2.00 96.22
4.50 2.00 92.72
4.75 2.00 161.19
5.00 2.00 229.66
5.25 2.00 340.14
5.50 2.00 450.63
5.75 2.00 391.72
6.00 2.00 332.82
6.25 2.00 294.56
6.50 2.00 256.31
6.75 2.00 251.33
7.00 2.00 246.36
7.25 2.00 236.38
7.50 2.00 226.41
0.50 2.25 35.73
0.75 2.25 30.85
1.00 2.25 35.05
1.25 2.25 39.25
1.50 2.25 43.45
1.75 2.25 42.86
2.00 2.25 42.27
2.25 2.25 41.68
2.50 2.25 43.33
2.75 2.25 51.38
3.00 2.25 55.75
3.25 2.25 60.12
3.50 2.25 64.50
3.75 2.25 78.56
4.00 2.25 92.61
4.25 2.25 106.67
4.50 2.25 103.17
4.75 2.25 171.64
5.00 2.25 282.12
5.25 2.25 392.61
5.50 2.25 503.09
5.75 2.25 444.19
6.00 2.25 385.28
6.25 2.25 326.38
6.50 2.25 288.12
6.75 2.25 283.15
7.00 2.25 273.18
7.25 2.25 263.20
7.50 2.25 253.23
0.50 2.50 25.45
0.75 2.50 29.65
1.00 2.50 33.84
1.25 2.50 38.04
1.50 2.50 42.24
1.75 2.50 41.65
2.00 2.50 41.06
2.25 2.50 40.48
2.50 2.50 39.89
2.75 2.50 44.27
3.00 2.50 48.64
3.25 2.50 53.02
3.50 2.50 57.39
3.75 2.50 71.45
4.00 2.50 85.50
4.25 2.50 99.56
4.50 2.50 113.62
4.75 2.50 224.10
5.00 2.50 334.59
5.25 2.50 445.07
5.50 2.50 555.56
5.75 2.50 496.65
6.00 2.50 437.75
6.25 2.50 378.84
6.50 2.50 319.94
6.75 2.50 309.96
7.00 2.50 299.99
7.25 2.50 290.02
7.50 2.50 280.04
0.50 2.75 28.41
0.75 2.75 41.66
1.00 2.75 45.86
1.25 2.75 50.05
1.50 2.75 54.25
1.75 2.75 53.66
2.00 2.75 53.08
2.25 2.75 52.49
2.50 2.75 39.87
2.75 2.75 43.72
3.00 2.75 48.09
3.25 2.75 52.47
3.50 2.75 56.85
3.75 2.75 70.90
4.00 2.75 84.96
4.25 2.75 99.02
4.50 2.75 96.65
4.75 2.75 112.78
5.00 2.75 223.27
5.25 2.75 333.75
5.50 2.75 444.24
5.75 2.75 513.60
6.00 2.75 454.69
6.25 2.75 395.79
6.50 2.75 336.88
6.75 2.75 326.91
7.00 2.75 316.93
7.25 2.75 306.96
7.50 2.75 309.55
0.50 3.00 31.37
0.75 3.00 44.62
1.00 3.00 57.87
1.25 3.00 62.06
1.50 3.00 66.26
1.75 3.00 65.67
2.00 3.00 65.09
2.25 3.00 52.47
2.50 3.00 39.86
2.75 3.00 43.70
3.00 3.00 47.55
3.25 3.00 51.92
3.50 3.00 56.30
3.75 3.00 70.36
4.00 3.00 84.42
4.25 3.00 82.05
4.50 3.00 79.67
4.75 3.00 95.81
5.00 3.00 111.95
5.25 3.00 222.44
5.50 3.00 332.92
5.75 3.00 402.28
6.00 3.00 471.63
6.25 3.00 412.73
6.50 3.00 353.82
6.75 3.00 343.85
7.00 3.00 333.88
7.25 3.00 336.46
7.50 3.00 339.06
0.50 3.25 34.32
0.75 3.25 47.57
1.00 3.25 60.82
1.25 3.25 74.07
1.50 3.25 78.27
1.75 3.25 77.68
2.00 3.25 65.07
2.25 3.25 52.45
2.50 3.25 39.84
2.75 3.25 43.69
3.00 3.25 47.53
3.25 3.25 51.38
3.50 3.25 55.75
3.75 3.25 69.81
4.00 3.25 67.44
4.25 3.25 65.07
4.50 3.25 62.70
4.75 3.25 78.84
5.00 3.25 94.98
5.25 3.25 111.12
5.50 3.25 221.60
5.75 3.25 290.96
6.00 3.25 360.31
6.25 3.25 429.67
6.50 3.25 370.77
6.75 3.25 360.79
7.00 3.25 363.38
7.25 3.25 365.97
7.50 3.25 368.56
0.50 3.50 37.28
0.75 3.50 50.53
1.00 3.50 63.78
1.25 3.50 77.03
1.50 3.50 90.28
1.75 3.50 77.67
2.00 3.50 65.05
2.25 3.50 52.44
2.50 3.50 39.82
2.75 3.50 43.67
3.00 3.50 47.52
3.25 3.50 51.36
3.50 3.50 55.21
3.75 3.50 52.84
4.00 3.50 50.47
4.25 3.50 48.10
4.50 3.50 45.73
4.75 3.50 61.87
5.00 3.50 78.00
5.25 3.50 94.14
5.50 3.50 110.28
5.75 3.50 179.64
6.00 3.50 249.00
6.25 3.50 318.35
6.50 3.50 387.71
6.75 3.50 390.30
7.00 3.50 392.89
7.25 3.50 395.48
7.50 3.50 398.07
