0.50 0.50 29.75
0.75 0.50 30.40
1.00 0.50 31.05
1.25 0.50 31.69
1.50 0.50 32.34
1.75 0.50 33.53
2.00 0.50 34.71
2.25 0.50 35.89
2.50 0.50 37.08
2.75 0.50 41.81
3.00 0.50 46.55
3.25 0.50 51.28
3.50 0.50 56.01
3.75 0.50 59.34
4.00 0.50 62.67
4.25 0.50 66.00
4.50 0.50 69.33
4.75 0.50 67.00
5.00 0.50 64.66
5.25 0.50 62.33
5.50 0.50 60.00
5.75 0.50 60.22
6.00 0.50 60.45
6.25 0.50 60.67
6.50 0.50 60.89
6.75 0.50 58.40
7.00 0.50 55.90
7.25 0.50 53.41
7.50 0.50 50.91
0.50 0.75 29.97
0.75 0.75 30.31
1.00 0.75 30.96
1.25 0.75 31.61
1.50 0.75 32.26
1.75 0.75 33.44
2.00 0.75 34.62
2.25 0.75 35.81
2.50 0.75 38.57
2.75 0.75 45.19
3.00 0.75 49.92
3.25 0.75 54.65
3.50 0.75 59.39
3.75 0.75 62.72
4.00 0.75 66.05
4.25 0.75 69.38
4.50 0.75 81.10
4.75 0.75 104.06
5.00 0.75 101.73
5.25 0.75 99.39
5.50 0.75 97.06
5.75 0.75 97.28
6.00 0.75 97.51
6.25 0.75 97.73
6.50 0.75 79.27
6.75 0.75 59.14
7.00 0.75 56.64
7.25 0.75 54.15
7.50 0.75 51.65
0.50 1.00 30.19
0.75 1.00 30.53
1.00 1.00 30.88
1.25 1.00 31.52
1.50 1.00 32.17
1.75 1.00 33.36
2.00 1.00 34.54
2.25 1.00 37.30
2.50 1.00 40.06
2.75 1.00 46.68
3.00 1.00 53.30
3.25 1.00 58.03
3.50 1.00 62.76
3.75 1.00 66.09
4.00 1.00 69.42
4.25 1.00 81.15
4.50 1.00 92.87
4.75 1.00 115.83
5.00 1.00 138.79
5.25 1.00 136.46
5.50 1.00 134.12
5.75 1.00 134.35
6.00 1.00 134.57
6.25 1.00 116.11
6.50 1.00 97.65
6.75 1.00 77.52
7.00 1.00 57.39
7.25 1.00 54.89
7.50 1.00 52.39
0.50 1.25 30.40
0.75 1.25 30.75
1.00 1.25 31.09
1.25 1.25 31.44
1.50 1.25 32.09
1.75 1.25 33.27
2.00 1.25 36.03
2.25 1.25 38.79
2.50 1.25 41.55
2.75 1.25 48.17
3.00 1.25 54.79
3.25 1.25 61.40
3.50 1.25 66.14
3.75 1.25 69.47
4.00 1.25 81.19
4.25 1.25 92.91
4.50 1.25 104.64
4.75 1.25 127.60
5.00 1.25 150.56
5.25 1.25 173.52
5.50 1.25 171.19
5.75 1.25 171.41
6.00 1.25 152.95
6.25 1.25 134.49
6.50 1.25 116.02
6.75 1.25 95.89
7.00 1.25 75.76
7.25 1.25 55.63
7.50 1.25 53.14
0.50 1.50 30.62
0.75 1.50 30.96
1.00 1.50 31.31
1.25 1.50 31.66
1.50 1.50 32.00
1.75 1.50 34.76
2.00 1.50 37.52
2.25 1.50 40.28
2.50 1.50 43.04
2.75 1.50 49.66
3.00 1.50 56.28
3.25 1.50 62.89
3.50 1.50 69.51
3.75 1.50 81.24
4.00 1.50 92.96
4.25 1.50 104.69
4.50 1.50 116.41
4.75 1.50 139.37
5.00 1.50 162.33
5.25 1.50 185.29
5.50 1.50 208.25
5.75 1.50 189.79
6.00 1.50 171.32
6.25 1.50 152.86
6.50 1.50 134.40
6.75 1.50 114.27
7.00 1.50 94.14
7.25 1.50 74.01
7.50 1.50 53.88
0.50 1.75 30.59
0.75 1.75 30.93
1.00 1.75 31.28
1.25 1.75 31.62
1.50 1.75 31.96
1.75 1.75 35.13
2.00 1.75 37.89
2.25 1.75 40.65
2.50 1.75 43.41
2.75 1.75 50.03
3.00 1.75 56.65
3.25 1.75 63.26
3.50 1.75 73.61
3.75 1.75 81.45
4.00 1.75 93.17
4.25 1.75 104.89
4.50 1.75 116.62
4.75 1.75 139.58
5.00 1.75 162.54
5.25 1.75 185.50
5.50 1.75 202.94
5.75 1.75 218.62
6.00 1.75 200.16
6.25 1.75 181.69
6.50 1.75 163.23
6.75 1.75 143.10
7.00 1.75 122.97
7.25 1.75 102.84
7.50 1.75 50.60
0.50 2.00 30.55
0.75 2.00 30.90
1.00 2.00 31.24
1.25 2.00 31.59
1.50 2.00 31.93
1.75 2.00 35.09
2.00 2.00 38.26
2.25 2.00 41.02
2.50 2.00 43.78
2.75 2.00 50.40
3.00 2.00 57.02
3.25 2.00 67.36
3.50 2.00 77.70
3.75 2.00 85.54
4.00 2.00 93.38
4.25 2.00 105.10
4.50 2.00 116.83
4.75 2.00 139.79
5.00 2.00 162.75
5.25 2.00 180.19
5.50 2.00 197.63
5.75 2.00 213.31
6.00 2.00 228.99
6.25 2.00 210.52
6.50 2.00 192.06
6.75 2.00 171.93
7.00 2.00 151.80
7.25 2.00 99.56
7.50 2.00 47.31
0.50 2.25 30.52
0.75 2.25 30.87
1.00 2.25 31.21
1.25 2.25 31.55
1.50 2.25 31.89
1.75 2.25 35.06
2.00 2.25 38.23
2.25 2.25 41.39
2.50 2.25 44.15
2.75 2.25 50.77
3.00 2.25 61.11
3.25 2.25 71.45
3.50 2.25 81.80
3.75 2.25 89.63
4.00 2.25 97.47
4.25 2.25 105.31
4.50 2.25 117.04
4.75 2.25 140.00
5.00 2.25 157.44
5.25 2.25 174.88
5.50 2.25 192.32
5.75 2.25 208.00
6.00 2.25 223.68
6.25 2.25 239.35
6.50 2.25 220.89
6.75 2.25 200.76
7.00 2.25 148.52
7.25 2.25 96.28
7.50 2.25 44.03
0.50 2.50 30.49
0.75 2.50 30.83
1.00 2.50 31.17
1.25 2.50 31.52
1.50 2.50 31.86
1.75 2.50 35.02
2.00 2.50 38.19
2.25 2.50 41.36
2.50 2.50 44.52
2.75 2.50 54.86
3.00 2.50 65.20
3.25 2.50 75.55
3.50 2.50 85.89
3.75 2.50 93.73
4.00 2.50 101.57
4.25 2.50 109.41
4.50 2.50 117.25
4.75 2.50 134.69
5.00 2.50 152.13
5.25 2.50 169.57
5.50 2.50 187.01
5.75 2.50 202.69
6.00 2.50 218.37
6.25 2.50 234.04
6.50 2.50 249.72
6.75 2.50 197.48
7.00 2.50 145.24
7.25 2.50 92.99
7.50 2.50 40.75
0.50 2.75 30.20
0.75 2.75 30.74
1.00 2.75 31.08
1.25 2.75 31.42
1.50 2.75 31.77
1.75 2.75 34.93
2.00 2.75 38.09
2.25 2.75 41.26
2.50 2.75 42.43
2.75 2.75 45.19
3.00 2.75 55.53
3.25 2.75 65.87
3.50 2.75 76.22
3.75 2.75 84.06
4.00 2.75 91.89
4.25 2.75 99.73
4.50 2.75 119.05
4.75 2.75 121.57
5.00 2.75 139.01
5.25 2.75 156.45
5.50 2.75 173.89
5.75 2.75 167.28
6.00 2.75 182.96
6.25 2.75 198.64
6.50 2.75 214.31
6.75 2.75 162.07
7.00 2.75 109.83
7.25 2.75 57.59
7.50 2.75 47.87
0.50 3.00 29.92
0.75 3.00 30.45
1.00 3.00 30.98
1.25 3.00 31.33
1.50 3.00 31.67
1.75 3.00 34.84
2.00 3.00 38.00
2.25 3.00 39.17
2.50 3.00 40.34
2.75 3.00 43.10
3.00 3.00 45.86
3.25 3.00 56.20
3.50 3.00 66.54
3.75 3.00 74.38
4.00 3.00 82.22
4.25 3.00 101.54
4.50 3.00 120.85
4.75 3.00 123.37
5.00 3.00 125.89
5.25 3.00 143.33
5.50 3.00 160.77
5.75 3.00 154.16
6.00 3.00 147.56
6.25 3.00 163.23
6.50 3.00 178.91
6.75 3.00 126.67
7.00 3.00 74.42
7.25 3.00 64.70
7.50 3.00 54.98
0.50 3.25 29.64
0.75 3.25 30.17
1.00 3.25 30.70
1.25 3.25 31.23
1.50 3.25 31.57
1.75 3.25 34.74
2.00 3.25 35.91
2.25 3.25 37.09
2.50 3.25 38.26
2.75 3.25 41.01
3.00 3.25 43.77
3.25 3.25 46.52
3.50 3.25 56.86
3.75 3.25 64.70
4.00 3.25 84.02
4.25 3.25 103.34
4.50 3.25 122.66
4.75 3.25 125.18
5.00 3.25 127.70
5.25 3.25 130.22
5.50 3.25 147.66
5.75 3.25 141.05
6.00 3.25 134.44
6.25 3.25 127.83
6.50 3.25 143.50
6.75 3.25 91.26
7.00 3.25 81.54
7.25 3.25 71.82
7.50 3.25 62.10
0.50 3.50 29.35
0.75 3.50 29.88
1.00 3.50 30.41
1.25 3.50 30.95
1.50 3.50 31.48
1.75 3.50 32.65
2.00 3.50 33.83
2.25 3.50 35.00
2.50 3.50 36.17
2.75 3.50 38.92
3.00 3.50 41.68
3.25 3.50 44.44
3.50 3.50 47.19
3.75 3.50 66.51
4.00 3.50 85.82
4.25 3.50 105.14
4.50 3.50 124.46
4.75 3.50 126.98
5.00 3.50 129.50
5.25 3.50 132.02
5.50 3.50 134.54
5.75 3.50 127.93
6.00 3.50 121.32
6.25 3.50 114.71
6.50 3.50 108.10
6.75 3.50 98.38
7.00 3.50 88.66
7.25 3.50 78.94
7.50 3.50 69.22
