0.50 0.50 75.00
0.75 0.50 76.54
1.00 0.50 78.09
1.25 0.50 79.63
1.50 0.50 81.17
1.75 0.50 84.41
2.00 0.50 87.66
2.25 0.50 90.91
2.50 0.50 94.15
2.75 0.50 105.87
3.00 0.50 117.59
3.25 0.50 129.31
3.50 0.50 141.03
3.75 0.50 149.56
4.00 0.50 158.09
4.25 0.50 166.62
4.50 0.50 175.15
4.75 0.50 181.36
5.00 0.50 187.57
5.25 0.50 193.79
5.50 0.50 200.00
5.75 0.50 193.57
6.00 0.50 187.14
6.25 0.50 180.71
6.50 0.50 174.28
6.75 0.50 164.04
7.00 0.50 153.80
7.25 0.50 143.56
7.50 0.50 133.32
0.50 0.75 75.56
0.75 0.75 76.38
1.00 0.75 77.92
1.25 0.75 79.46
1.50 0.75 81.00
1.75 0.75 84.25
2.00 0.75 87.49
2.25 0.75 90.74
2.50 0.75 98.76
2.75 0.75 115.75
3.00 0.75 127.47
3.25 0.75 139.19
3.50 0.75 150.91
3.75 0.75 159.44
4.00 0.75 167.97
4.25 0.75 176.50
4.50 0.75 206.94
4.75 0.75 264.11
5.00 0.75 270.32
5.25 0.75 276.54
5.50 0.75 282.75
5.75 0.75 276.32
6.00 0.75 269.89
6.25 0.75 263.46
6.50 0.75 216.66
6.75 0.75 165.15
7.00 0.75 154.91
7.25 0.75 144.67
7.50 0.75 134.43
0.50 1.00 76.12
0.75 1.00 76.94
1.00 1.00 77.75
1.25 1.00 79.29
1.50 1.00 80.84
1.75 1.00 84.08
2.00 1.00 87.33
2.25 1.00 95.34
2.50 1.00 103.37
2.75 1.00 120.35
3.00 1.00 137.34
3.25 1.00 149.06
3.50 1.00 160.78
3.75 1.00 169.31
4.00 1.00 177.84
4.25 1.00 208.29
4.50 1.00 238.74
4.75 1.00 295.90
5.00 1.00 353.07
5.25 1.00 359.29
5.50 1.00 365.50
5.75 1.00 359.07
6.00 1.00 352.64
6.25 1.00 305.84
6.50 1.00 259.04
6.75 1.00 207.53
7.00 1.00 156.01
7.25 1.00 145.77
7.50 1.00 135.53
0.50 1.25 76.69
0.75 1.25 77.50
1.00 1.25 78.31
1.25 1.25 79.12
1.50 1.25 80.67
1.75 1.25 83.91
2.00 1.25 91.93
2.25 1.25 99.95
2.50 1.25 107.97
2.75 1.25 124.96
3.00 1.25 141.95
3.25 1.25 158.94
3.50 1.25 170.66
3.75 1.25 179.19
4.00 1.25 209.63
4.25 1.25 240.08
4.50 1.25 270.53
4.75 1.25 327.70
5.00 1.25 384.87
5.25 1.25 442.04
5.50 1.25 448.25
5.75 1.25 441.82
6.00 1.25 395.02
6.25 1.25 348.22
6.50 1.25 301.42
6.75 1.25 249.91
7.00 1.25 198.39
7.25 1.25 146.88
7.50 1.25 136.64
0.50 1.50 77.25
0.75 1.50 78.06
1.00 1.50 78.88
1.25 1.50 79.69
1.50 1.50 80.50
1.75 1.50 88.52
2.00 1.50 96.54
2.25 1.50 104.56
2.50 1.50 112.58
2.75 1.50 129.57
3.00 1.50 146.56
3.25 1.50 163.54
3.50 1.50 180.53
3.75 1.50 210.98
4.00 1.50 241.43
4.25 1.50 271.87
4.50 1.50 302.32
4.75 1.50 359.49
5.00 1.50 416.66
5.25 1.50 473.83
5.50 1.50 531.00
5.75 1.50 484.20
6.00 1.50 437.40
6.25 1.50 390.60
6.50 1.50 343.80
6.75 1.50 292.29
7.00 1.50 240.78
7.25 1.50 189.26
7.50 1.50 137.75
0.50 1.75 77.06
0.75 1.75 77.87
1.00 1.75 78.68
1.25 1.75 79.49
1.50 1.75 80.43
1.75 1.75 88.51
2.00 1.75 96.53
2.25 1.75 104.55
2.50 1.75 112.57
2.75 1.75 129.56
3.00 1.75 146.55
3.25 1.75 163.53
3.50 1.75 191.09
3.75 1.75 210.27
4.00 1.75 240.72
4.25 1.75 271.17
4.50 1.75 301.62
4.75 1.75 358.78
5.00 1.75 415.95
5.25 1.75 473.12
5.50 1.75 522.00
5.75 1.75 556.86
6.00 1.75 510.06
6.25 1.75 463.26
6.50 1.75 416.46
6.75 1.75 364.95
7.00 1.75 313.44
7.25 1.75 261.93
7.50 1.75 128.94
0.50 2.00 76.86
0.75 2.00 77.67
1.00 2.00 78.48
1.25 2.00 79.42
1.50 2.00 80.36
1.75 2.00 88.44
2.00 2.00 96.53
2.25 2.00 104.54
2.50 2.00 112.56
2.75 2.00 129.55
3.00 2.00 146.54
3.25 2.00 174.10
3.50 2.00 201.66
3.75 2.00 220.83
4.00 2.00 240.01
4.25 2.00 270.46
4.50 2.00 300.91
4.75 2.00 358.08
5.00 2.00 415.25
5.25 2.00 464.13
5.50 2.00 513.01
5.75 2.00 547.87
6.00 2.00 582.73
6.25 2.00 535.93
6.50 2.00 489.12
6.75 2.00 437.61
7.00 2.00 386.10
7.25 2.00 253.11
7.50 2.00 120.12
0.50 2.25 76.66
0.75 2.25 77.48
1.00 2.25 78.41
1.25 2.25 79.35
1.50 2.25 80.29
1.75 2.25 88.37
2.00 2.25 96.45
2.25 2.25 104.54
2.50 2.25 112.56
2.75 2.25 129.54
3.00 2.25 157.10
3.25 2.25 184.66
3.50 2.25 212.22
3.75 2.25 231.40
4.00 2.25 250.58
4.25 2.25 269.76
4.50 2.25 300.20
4.75 2.25 357.38
5.00 2.25 406.25
5.25 2.25 455.13
5.50 2.25 504.01
5.75 2.25 538.87
6.00 2.25 573.73
6.25 2.25 608.59
6.50 2.25 561.79
6.75 2.25 510.28
7.00 2.25 377.29
7.25 2.25 244.30
7.50 2.25 111.31
0.50 2.50 76.47
0.75 2.50 77.41
1.00 2.50 78.34
1.25 2.50 79.28
1.50 2.50 80.22
1.75 2.50 88.30
2.00 2.50 96.38
2.25 2.50 104.47
2.50 2.50 112.55
2.75 2.50 140.11
3.00 2.50 167.66
3.25 2.50 195.22
3.50 2.50 222.78
3.75 2.50 241.96
4.00 2.50 261.14
4.25 2.50 280.32
4.50 2.50 299.50
4.75 2.50 348.38
5.00 2.50 397.26
5.25 2.50 446.14
5.50 2.50 495.02
5.75 2.50 529.88
6.00 2.50 564.74
6.25 2.50 599.59
6.50 2.50 634.45
6.75 2.50 501.46
7.00 2.50 368.48
7.25 2.50 235.49
7.50 2.50 102.50
0.50 2.75 75.78
0.75 2.75 77.09
1.00 2.75 78.03
1.25 2.75 78.97
1.50 2.75 79.90
1.75 2.75 87.98
2.00 2.75 96.07
2.25 2.75 104.15
2.50 2.75 107.50
2.75 2.75 115.38
3.00 2.75 142.94
3.25 2.75 170.50
3.50 2.75 198.06
3.75 2.75 217.24
4.00 2.75 236.41
4.25 2.75 255.59
4.50 2.75 302.98
4.75 2.75 311.27
5.00 2.75 360.15
5.25 2.75 409.03
5.50 2.75 457.91
5.75 2.75 440.56
6.00 2.75 475.42
6.25 2.75 510.28
6.50 2.75 545.14
6.75 2.75 412.15
7.00 2.75 279.16
7.25 2.75 146.18
7.50 2.75 120.49
0.50 3.00 75.09
0.75 3.00 76.40
1.00 3.00 77.71
1.25 3.00 78.65
1.50 3.00 79.59
1.75 3.00 87.67
2.00 3.00 95.75
2.25 3.00 99.10
2.50 3.00 102.45
2.75 3.00 110.33
3.00 3.00 118.22
3.25 3.00 145.77
3.50 3.00 173.33
3.75 3.00 192.51
4.00 3.00 211.69
4.25 3.00 259.08
4.50 3.00 306.47
4.75 3.00 314.75
5.00 3.00 323.03
5.25 3.00 371.91
5.50 3.00 420.79
5.75 3.00 403.45
6.00 3.00 386.11
6.25 3.00 420.97
6.50 3.00 455.83
6.75 3.00 322.84
7.00 3.00 189.85
7.25 3.00 164.16
7.50 3.00 138.47
0.50 3.25 74.39
0.75 3.25 75.71
1.00 3.25 77.02
1.25 3.25 78.33
1.50 3.25 79.27
1.75 3.25 87.35
2.00 3.25 90.70
2.25 3.25 94.05
2.50 3.25 97.40
2.75 3.25 105.28
3.00 3.25 113.17
3.25 3.25 121.05
3.50 3.25 148.60
3.75 3.25 167.78
4.00 3.25 215.17
4.25 3.25 262.56
4.50 3.25 309.95
4.75 3.25 318.23
5.00 3.25 326.52
5.25 3.25 334.80
5.50 3.25 383.68
5.75 3.25 366.34
6.00 3.25 349.00
6.25 3.25 331.65
6.50 3.25 366.51
6.75 3.25 233.52
7.00 3.25 207.84
7.25 3.25 182.15
7.50 3.25 156.46
0.50 3.50 73.70
0.75 3.50 75.01
1.00 3.50 76.33
1.25 3.50 77.64
1.50 3.50 78.95
1.75 3.50 82.30
2.00 3.50 85.65
2.25 3.50 89.00
2.50 3.50 92.35
2.75 3.50 100.23
3.00 3.50 108.11
3.25 3.50 116.00
3.50 3.50 123.88
3.75 3.50 171.27
4.00 3.50 218.66
4.25 3.50 266.04
4.50 3.50 313.43
4.75 3.50 321.71
5.00 3.50 330.00
5.25 3.50 338.29
5.50 3.50 346.57
5.75 3.50 329.23
6.00 3.50 311.88
6.25 3.50 294.54
6.50 3.50 277.20
6.75 3.50 251.51
7.00 3.50 225.82
7.25 3.50 200.14
7.50 3.50 174.45
