0.50 0.50 45.88
0.75 0.50 46.70
1.00 0.50 47.53
1.25 0.50 48.35
1.50 0.50 49.17
1.75 0.50 66.51
2.00 0.50 83.86
2.25 0.50 101.20
2.50 0.50 118.54
2.75 0.50 117.66
3.00 0.50 116.78
3.25 0.50 115.89
3.50 0.50 115.01
3.75 0.50 140.55
4.00 0.50 166.09
4.25 0.50 191.62
4.50 0.50 217.16
4.75 0.50 370.37
5.00 0.50 523.58
5.25 0.50 676.79
5.50 0.50 830.00
5.75 0.50 761.36
6.00 0.50 692.72
6.25 0.50 624.08
6.50 0.50 555.44
6.75 0.50 485.95
7.00 0.50 416.45
7.25 0.50 346.95
7.50 0.50 277.46
0.50 0.75 54.24
0.75 0.75 42.54
1.00 0.75 43.36
1.25 0.75 44.18
1.50 0.75 45.00
1.75 0.75 62.35
2.00 0.75 79.69
2.25 0.75 97.03
2.50 0.75 127.41
2.75 0.75 201.34
3.00 0.75 200.46
3.25 0.75 199.58
3.50 0.75 198.70
3.75 0.75 224.23
4.00 0.75 249.77
4.25 0.75 275.31
4.50 0.75 299.05
4.75 0.75 360.65
5.00 0.75 513.86
5.25 0.75 667.07
5.50 0.75 820.28
5.75 0.75 751.64
6.00 0.75 683.00
6.25 0.75 614.36
6.50 0.75 564.63
6.75 0.75 468.32
7.00 0.75 398.82
7.25 0.75 329.33
7.50 0.75 259.83
0.50 1.00 62.59
0.75 1.00 50.89
1.00 1.00 39.19
1.25 1.00 40.01
1.50 1.00 40.84
1.75 1.00 58.18
2.00 1.00 75.52
2.25 1.00 105.90
2.50 1.00 136.28
2.75 1.00 210.22
3.00 1.00 284.15
3.25 1.00 283.27
3.50 1.00 282.38
3.75 1.00 307.92
4.00 1.00 333.46
4.25 1.00 357.20
4.50 1.00 380.94
4.75 1.00 442.54
5.00 1.00 504.14
5.25 1.00 657.35
5.50 1.00 810.56
5.75 1.00 741.92
6.00 1.00 673.28
6.25 1.00 623.55
6.50 1.00 573.82
6.75 1.00 477.51
7.00 1.00 381.19
7.25 1.00 311.69
7.50 1.00 242.20
0.50 1.25 70.95
0.75 1.25 59.25
1.00 1.25 47.55
1.25 1.25 35.84
1.50 1.25 36.67
1.75 1.25 54.01
2.00 1.25 84.39
2.25 1.25 114.77
2.50 1.25 145.15
2.75 1.25 219.08
3.00 1.25 293.02
3.25 1.25 366.95
3.50 1.25 366.07
3.75 1.25 391.61
4.00 1.25 415.35
4.25 1.25 439.09
4.50 1.25 462.82
4.75 1.25 524.42
5.00 1.25 586.03
5.25 1.25 647.63
5.50 1.25 800.84
5.75 1.25 732.20
6.00 1.25 682.47
6.25 1.25 632.74
6.50 1.25 583.01
6.75 1.25 486.70
7.00 1.25 390.38
7.25 1.25 294.06
7.50 1.25 224.57
0.50 1.50 79.31
0.75 1.50 67.61
1.00 1.50 55.91
1.25 1.50 44.20
1.50 1.50 32.50
1.75 1.50 62.88
2.00 1.50 93.26
2.25 1.50 123.64
2.50 1.50 154.02
2.75 1.50 227.96
3.00 1.50 301.89
3.25 1.50 375.82
3.50 1.50 449.76
3.75 1.50 473.50
4.00 1.50 497.24
4.25 1.50 520.97
4.50 1.50 544.71
4.75 1.50 606.31
5.00 1.50 667.91
5.25 1.50 729.52
5.50 1.50 791.12
5.75 1.50 741.39
6.00 1.50 691.66
6.25 1.50 641.93
6.50 1.50 592.20
6.75 1.50 495.89
7.00 1.50 399.57
7.25 1.50 303.25
7.50 1.50 206.94
0.50 1.75 71.04
0.75 1.75 59.34
1.00 1.75 47.64
1.25 1.75 35.94
1.50 1.75 44.86
1.75 1.75 53.44
2.00 1.75 83.82
2.25 1.75 114.20
2.50 1.75 144.58
2.75 1.75 218.51
3.00 1.75 292.45
3.25 1.75 366.38
3.50 1.75 437.31
3.75 1.75 449.48
4.00 1.75 473.21
4.25 1.75 496.95
4.50 1.75 520.69
4.75 1.75 582.29
5.00 1.75 643.89
5.25 1.75 705.50
5.50 1.75 798.22
5.75 1.75 793.31
6.00 1.75 743.58
6.25 1.75 693.85
6.50 1.75 644.12
6.75 1.75 547.80
7.00 1.75 451.49
7.25 1.75 355.17
7.50 1.75 191.80
0.50 2.00 62.78
0.75 2.00 51.07
1.00 2.00 39.37
1.25 2.00 48.29
1.50 2.00 57.22
1.75 2.00 65.80
2.00 2.00 74.38
2.25 2.00 104.76
2.50 2.00 135.14
2.75 2.00 209.07
3.00 2.00 283.01
3.25 2.00 353.93
3.50 2.00 424.85
3.75 2.00 437.02
4.00 2.00 449.19
4.25 2.00 472.93
4.50 2.00 496.67
4.75 2.00 558.27
5.00 2.00 619.87
5.25 2.00 712.59
5.50 2.00 805.32
5.75 2.00 800.40
6.00 2.00 795.49
6.25 2.00 745.76
6.50 2.00 696.03
6.75 2.00 599.72
7.00 2.00 503.40
7.25 2.00 340.03
7.50 2.00 176.66
0.50 2.25 54.51
0.75 2.25 42.80
1.00 2.25 51.73
1.25 2.25 60.65
1.50 2.25 69.57
1.75 2.25 78.16
2.00 2.25 86.74
2.25 2.25 95.32
2.50 2.25 125.70
2.75 2.25 199.63
3.00 2.25 270.56
3.25 2.25 341.47
3.50 2.25 412.39
3.75 2.25 424.56
4.00 2.25 436.74
4.25 2.25 448.91
4.50 2.25 472.64
4.75 2.25 534.25
5.00 2.25 626.97
5.25 2.25 719.69
5.50 2.25 812.41
5.75 2.25 807.50
6.00 2.25 802.59
6.25 2.25 797.67
6.50 2.25 747.94
6.75 2.25 651.63
7.00 2.25 488.26
7.25 2.25 324.89
7.50 2.25 161.52
0.50 2.50 46.24
0.75 2.50 55.16
1.00 2.50 64.09
1.25 2.50 73.01
1.50 2.50 81.93
1.75 2.50 90.51
2.00 2.50 99.09
2.25 2.50 107.68
2.50 2.50 116.26
2.75 2.50 187.18
3.00 2.50 258.10
3.25 2.50 329.02
3.50 2.50 399.94
3.75 2.50 412.11
4.00 2.50 424.28
4.25 2.50 436.45
4.50 2.50 448.62
4.75 2.50 541.34
5.00 2.50 634.07
5.25 2.50 726.79
5.50 2.50 819.51
5.75 2.50 814.60
6.00 2.50 809.68
6.25 2.50 804.77
6.50 2.50 799.86
6.75 2.50 636.49
7.00 2.50 473.12
7.25 2.50 309.75
7.50 2.50 146.38
0.50 2.75 53.35
0.75 2.75 54.61
1.00 2.75 63.54
1.25 2.75 72.46
1.50 2.75 81.38
1.75 2.75 89.97
2.00 2.75 98.55
2.25 2.75 107.13
2.50 2.75 101.72
2.75 2.75 129.97
3.00 2.75 200.89
3.25 2.75 271.81
3.50 2.75 342.73
3.75 2.75 354.90
4.00 2.75 367.07
4.25 2.75 379.24
4.50 2.75 416.52
4.75 2.75 450.16
5.00 2.75 542.88
5.25 2.75 635.60
5.50 2.75 728.32
5.75 2.75 704.39
6.00 2.75 699.48
6.25 2.75 694.57
6.50 2.75 689.66
6.75 2.75 526.29
7.00 2.75 362.92
7.25 2.75 199.55
7.50 2.75 145.44
0.50 3.00 60.45
0.75 3.00 61.72
1.00 3.00 62.99
1.25 3.00 71.91
1.50 3.00 80.84
1.75 3.00 89.42
2.00 3.00 98.00
2.25 3.00 92.59
2.50 3.00 87.18
2.75 3.00 115.43
3.00 3.00 143.68
3.25 3.00 214.59
3.50 3.00 285.51
3.75 3.00 297.69
4.00 3.00 309.86
4.25 3.00 347.14
4.50 3.00 384.43
4.75 3.00 418.06
5.00 3.00 451.69
5.25 3.00 544.42
5.50 3.00 637.14
5.75 3.00 613.21
6.00 3.00 589.28
6.25 3.00 584.37
6.50 3.00 579.46
6.75 3.00 416.09
7.00 3.00 252.72
7.25 3.00 198.60
7.50 3.00 144.50
0.50 3.25 67.56
0.75 3.25 68.83
1.00 3.25 70.10
1.25 3.25 71.36
1.50 3.25 80.29
1.75 3.25 88.87
2.00 3.25 83.46
2.25 3.25 78.05
2.50 3.25 72.63
2.75 3.25 100.88
3.00 3.25 129.13
3.25 3.25 157.38
3.50 3.25 228.30
3.75 3.25 240.47
4.00 3.25 277.76
4.25 3.25 315.04
4.50 3.25 352.33
4.75 3.25 385.96
5.00 3.25 419.60
5.25 3.25 453.23
5.50 3.25 545.95
5.75 3.25 522.02
6.00 3.25 498.09
6.25 3.25 474.17
6.50 3.25 469.25
6.75 3.25 305.88
7.00 3.25 251.77
7.25 3.25 197.66
7.50 3.25 143.55
0.50 3.50 74.67
0.75 3.50 75.94
1.00 3.50 77.20
1.25 3.50 78.47
1.50 3.50 79.74
1.75 3.50 74.33
2.00 3.50 68.91
2.25 3.50 63.50
2.50 3.50 58.09
2.75 3.50 86.34
3.00 3.50 114.59
3.25 3.50 142.84
3.50 3.50 171.09
3.75 3.50 208.38
4.00 3.50 245.66
4.25 3.50 282.94
4.50 3.50 320.23
4.75 3.50 353.87
5.00 3.50 387.50
5.25 3.50 421.13
5.50 3.50 454.77
5.75 3.50 430.84
6.00 3.50 406.91
6.25 3.50 382.98
6.50 3.50 359.05
6.75 3.50 304.94
7.00 3.50 250.83
7.25 3.50 196.72
7.50 3.50 142.61
