concentration_1	concentration_2	concentration_3	concentration_4	concentration_5	concentration_6
0	0	0	0	0	0
26	15	15	24	15	45
22	34	43	33	27	45
41	17	7	20	13	44
48	32	12	21	33	48
61	13	19	23	15	43
62	6	0	20	31	42
60	9	27	23	22	40
53	13	8	21	16	38
74	14	17	19	15	36
92	14	13	23	14	38
106	0	0	0	0	50
116	25	31	18	9	39
81	5	2	24	14	35
56	15	10	18	15	38
57	15	0	20	38	21
53	13	104	19	18	39
46	16	24	22	18	41
68	25	23	22	23	33
143	15	10	20	12	43
205	13	13	18	14	46
273	0	3	40	4	26
273	0	3	40	4	26
242	18	19	19	17	48
252	23	27	17	16	47
212	17	5	20	18	43
217	13	15	22	13	47
192	15	18	11	19	49
368	7	34	19	0	47
378	18	14	21	16	48
363	20	16	19	19	48
308	39	0	19	40	55
283	17	17	18	13	43
266	22	18	19	17	43
239	24	20	19	61	48
250	22	19	18	17	42
267	13	28	20	20	45
295	17	16	16	14	46
320	17	11	18	14	47
360	17	11	21	16	49
335	10	25	23	66	51
332	18	28	19	16	51
355	39	0	10	8	44
255	17	15	18	15	47
170	15	10	16	19	48
128	10	100	26	25	52
105	19	18	17	21	50
184	22	24	15	15	51
483	40	7	35	37	47
554	19	19	15	15	50
555	34	33	16	24	49
538	20	12	16	15	50
569	22	24	17	12	48
566	13	135	30	47	46
492	14	0	35	6	58
499	20	17	15	15	51
508	16	0	18	0	45
547	54	23	17	28	52
484	16	0	20	44	69
512	17	0	12	12	47
479	17	14	19	13	50
456	18	0	11	0	36
428	22	23	35	23	46
408	19	14	18	12	48
355	26	58	14	25	47
341	19	2	8	1	45
341	19	2	8	1	45
316	33	15	19	17	49
303	4	0	25	0	53
287	15	16	23	19	51
289	18	122	6	24	39
273	18	12	17	15	47
262	16	15	19	14	48
266	19	17	19	20	49
251	25	40	21	30	51
264	26	42	20	21	52
280	18	26	15	16	52
269	10	4	36	8	47
276	15	16	19	15	50
240	19	18	21	15	52
210	20	18	3	15	53
176	25	5	6	20	54
112	19	0	19	23	54
126	19	8	18	14	51
144	18	11	17	19	49
137	33	0	18	12	50
115	20	28	19	14	50
81	18	39	19	21	52
78	30	8	17	32	47
161	18	22	17	17	50
343	16	0	3	17	63
335	40	16	43	8	52
442	8	113	20	25	60
559	7	2	20	29	54
506	17	13	20	18	51
337	23	32	38	69	64
344	17	17	16	17	53
456	24	36	20	18	54
466	17	11	19	16	52
472	19	14	23	18	52
459	26	0	0	12	27
442	19	19	18	21	54
414	11	0	18	0	52
419	16	14	16	18	50
464	59	22	22	19	53
511	24	31	18	28	65
501	18	12	14	13	53
501	23	34	19	13	56
482	16	17	20	18	52
509	47	9	18	25	52
484	14	7	19	30	53
484	14	7	19	30	53
504	15	0	16	0	72
448	15	13	18	20	50
375	7	3	48	4	53
364	16	19	22	27	53
326	17	30	0	41	50
379	16	22	15	21	49
405	15	8	9	18	48
416	18	24	35	6	51
425	20	87	36	56	63
437	40	84	28	10	54
486	15	13	18	19	49
504	18	16	17	24	52
473	19	26	19	50	51
456	22	13	18	20	54
417	24	48	16	4	58
369	18	13	19	23	52
410	0	0	17	34	53
357	17	31	22	28	57
325	20	13	19	20	52
400	22	17	12	17	52
388	16	96	13	76	28
413	16	25	19	24	52
472	22	22	19	26	59
482	5	0	34	26	53
444	16	14	17	21	53
434	24	21	19	23	53
461	21	8	24	24	67
458	20	11	15	26	56
459	45	39	19	28	59
423	17	13	22	23	53
326	14	59	23	21	53
389	17	22	29	24	61
431	22	25	22	24	55
434	48	24	31	56	60
437	2	67	23	19	64
367	27	36	13	20	44
283	21	13	43	27	55
245	21	37	24	37	53
161	19	0	26	14	46
163	19	16	20	24	53
143	17	18	23	23	52
125	21	144	25	60	53
133	23	31	21	40	56
133	23	31	21	40	56
115	19	20	21	29	54
138	8	0	27	17	50
161	17	16	22	23	54
322	22	16	18	25	55
316	22	99	23	5	72
276	25	24	19	21	52
287	18	0	45	11	38
228	16	14	23	23	53
197	19	25	15	24	54
190	4	0	0	29	56
179	18	36	10	22	51
274	6	50	0	14	54
399	18	9	29	22	52
448	15	47	0	29	50
399	58	18	21	33	53
402	22	42	58	33	51
401	19	30	7	7	68
447	23	0	24	16	45
426	18	9	21	21	50
418	26	58	21	27	43
406	22	14	25	22	54
395	23	0	11	27	55
468	0	56	16	16	51
442	33	0	17	70	35
441	36	0	37	9	65
455	17	0	46	12	64
386	22	119	22	15	68
344	18	3	41	28	55
314	29	9	22	9	53
266	14	7	18	27	45
241	17	16	20	25	51
263	3	142	17	0	56
208	10	16	25	25	53
208	23	126	26	76	75
186	22	21	23	23	55
177	21	38	21	26	51
162	11	130	25	20	53
230	0	33	10	3	52
235	17	19	23	23	54
208	18	22	14	26	53
190	21	27	54	26	46
181	7	30	27	37	57
174	23	18	23	20	53
174	23	18	23	20	53
174	0	30	18	44	45
167	18	15	24	22	55
183	19	18	19	21	54
210	18	102	25	24	49
219	19	41	23	70	57
255	9	43	27	30	72
217	0	0	0	15	67
251	16	23	20	22	54
289	19	16	22	23	55
352	22	18	16	21	56
364	25	26	20	23	47
378	19	29	25	25	58
386	43	33	44	0	60
335	31	6	8	24	52
316	19	18	24	23	56
293	45	41	23	30	57
273	21	157	24	29	57
267	23	32	19	27	56
252	12	0	32	62	32
289	16	13	24	21	55
319	20	12	21	22	55
342	7	13	20	15	58
354	20	19	16	30	60
347	24	22	20	20	59
322	22	1	16	3	63
318	16	23	25	21	57
321	10	5	37	0	61
308	24	12	23	26	59
330	7	92	49	74	77
346	7	27	25	2	56
329	15	21	23	16	66
361	27	41	27	25	50
355	24	27	23	17	57
348	30	36	34	7	56
326	18	16	23	20	57
291	19	24	17	19	57
260	22	5	29	16	59
280	25	39	25	22	56
276	53	11	51	57	56
277	16	16	25	19	56
269	19	27	25	23	58
294	42	32	24	55	53
272	21	29	29	24	60
272	21	29	29	24	60
276	14	11	27	26	62
294	4	17	13	19	54
270	22	24	33	25	57
285	30	7	44	32	74
264	23	48	31	43	59
313	15	83	11	58	69
281	12	25	37	14	64
280	19	14	16	19	55
277	56	5	29	59	56
306	16	13	16	23	58
306	15	24	36	32	57
331	17	21	25	21	54
330	17	16	27	21	53
312	0	0	23	33	36
308	15	13	16	20	57
297	0	0	35	0	55
325	18	20	20	21	53
325	23	173	27	55	59
302	26	44	26	21	44
262	20	27	24	27	56
206	17	0	4	39	49
231	21	18	24	23	56
278	0	39	42	29	49
278	20	31	23	30	60
294	6	41	40	61	58
304	17	17	22	26	56
310	0	16	23	9	53
264	20	38	18	6	60
218	20	14	25	18	56
256	17	15	18	26	57
305	21	18	19	24	56
343	9	0	46	10	73
349	21	27	19	20	59
372	14	12	12	19	60
362	19	15	19	54	59
348	20	79	23	39	61
288	18	29	18	27	54
399	33	32	25	28	57
390	26	0	26	0	50
402	20	16	20	21	56
390	20	21	19	21	56
406	8	43	23	35	51
410	19	39	23	26	57
390	45	0	0	25	56
390	45	0	0	25	56
385	20	25	13	23	56
324	16	6	22	12	58
334	24	46	7	27	49
349	44	5	15	36	53
298	20	13	13	31	52
276	18	18	20	21	59
282	39	24	20	21	61
257	11	38	23	22	64
200	23	23	33	23	59
226	37	0	21	36	64
206	18	16	30	20	58
211	19	23	23	20	61
212	27	41	28	25	59
202	22	39	27	27	61
199	18	32	26	23	60
204	24	0	15	8	61
195	19	19	24	20	56
182	20	19	25	21	58
172	6	39	31	0	60
142	19	26	24	25	56
148	23	20	27	32	47
139	22	14	24	23	58
152	20	13	27	22	56
179	20	17	26	25	55
226	11	0	25	30	71
237	29	125	29	29	59
203	23	34	29	32	50
199	37	0	48	32	54
124	38	22	36	0	58
129	18	16	26	26	54
121	24	20	22	25	58
151	26	119	15	76	51
134	18	0	43	57	53
151	23	24	25	21	56
156	23	34	26	27	58
139	21	0	50	29	51
148	19	13	26	24	57
146	21	23	27	22	57
139	21	20	18	22	58
188	9	48	29	29	59
151	18	32	24	26	61
162	20	29	19	23	58
152	21	35	19	17	59
152	21	35	19	17	59
131	21	44	34	0	60
135	20	14	22	19	56
146	18	21	26	23	53
153	19	22	44	67	63
165	22	28	23	32	57
142	58	0	20	11	44
197	36	0	39	6	65
224	18	18	28	25	58
254	20	143	24	71	57
321	36	17	23	30	61
261	22	26	24	23	59
250	33	144	8	13	52
230	12	64	39	15	64
263	18	12	21	22	58
282	42	0	41	30	78
340	24	18	24	15	75
332	21	31	21	23	60
381	27	9	25	23	55
376	20	14	26	20	56
345	20	15	29	18	56
336	22	37	26	29	58
324	17	26	12	26	53
316	23	23	27	24	54
304	21	0	14	6	38
255	19	19	24	18	54
220	28	0	24	84	60
191	22	20	21	22	58
228	63	63	25	22	56
140	23	30	16	41	62
158	19	21	25	18	59
176	20	0	12	22	54
156	26	36	26	32	61
222	22	119	52	18	39
284	13	29	21	11	62
287	18	13	23	20	60
301	31	84	29	25	60
306	10	41	26	8	57
221	23	16	23	21	61
153	6	2	32	8	53
176	25	24	31	21	63
171	52	0	20	0	67
297	0	9	19	0	59
318	18	13	18	17	63
318	18	13	18	17	63
312	20	18	24	18	64
365	20	35	26	30	66
362	20	21	23	22	66
405	37	12	16	47	72
403	18	10	21	20	64
391	19	22	16	19	63
344	18	0	23	24	83
331	20	20	24	20	64
409	29	31	22	20	66
402	10	0	19	42	72
382	9	3	5	44	40
354	20	16	24	23	61
337	22	21	15	23	60
294	18	15	23	17	59
326	19	23	22	19	60
224	18	0	19	19	62
263	19	22	26	21	62
203	20	0	24	25	64
233	0	75	16	0	63
291	22	27	9	16	64
233	22	21	25	30	64
173	20	32	27	22	61
158	16	0	27	41	65
260	17	11	22	21	60
249	18	18	19	20	59
216	21	24	19	72	52
219	23	37	15	27	54
170	21	30	24	20	59
196	16	0	24	32	59
198	20	13	23	20	59
180	19	21	22	19	58
148	17	77	27	0	68
153	23	22	27	23	60
257	20	20	22	26	56
256	14	34	15	25	52
181	23	9	21	21	56
179	22	12	20	21	55
260	24	65	19	25	53
249	44	119	20	29	60
307	23	43	21	23	61
256	18	15	23	37	61
202	39	44	20	11	70
210	11	16	16	6	62
210	11	16	16	6	62
206	20	17	24	19	59
118	9	0	18	29	59
221	19	18	25	27	61
272	19	31	21	20	60
324	15	39	23	24	67
259	50	97	20	13	42
204	17	15	19	21	60
182	22	16	18	20	61
158	23	20	30	20	61
216	20	31	21	27	66
143	19	33	22	25	65
166	20	17	16	21	60
218	10	25	40	45	67
266	15	0	7	18	66
281	17	15	21	20	59
193	19	0	40	52	58
162	13	36	20	0	49
219	23	34	25	22	61
219	27	11	0	30	67
205	20	71	29	0	62
156	18	16	24	19	60
162	49	87	3	33	59
185	22	41	22	30	59
214	23	15	21	22	63
228	6	0	14	24	66
202	19	14	22	20	63
226	20	17	17	24	64
243	26	49	24	1	67
235	19	21	22	28	62
259	20	31	22	32	65
246	20	0	18	10	62
215	20	14	20	28	63
263	8	24	19	28	65
278	23	18	18	27	64
246	23	20	20	31	63
247	14	101	31	39	83
211	17	21	17	24	64
207	19	18	21	28	64
196	22	0	13	29	46
182	18	22	21	23	64
169	49	40	25	30	82
194	3	27	27	7	60
234	12	0	30	29	43
234	12	0	30	29	43
254	23	29	23	15	68
258	19	15	19	24	61
260	6	37	23	14	49
271	18	12	18	25	63
265	22	14	15	25	65
256	31	36	23	4	66
254	23	15	21	34	64
292	17	50	26	21	69
283	21	17	19	27	65
272	10	21	19	26	66
255	19	28	15	15	67
255	21	22	20	30	67
239	0	127	0	33	47
289	18	16	20	32	66
242	0	72	0	36	62
252	21	22	19	34	72
265	18	18	20	33	70
212	17	0	14	19	61
233	21	14	23	27	66
235	27	11	16	28	67
225	19	12	19	30	69
198	21	19	19	35	70
162	52	50	19	33	78
178	19	13	16	26	71
114	20	9	19	17	72
138	24	37	19	34	89
129	28	25	19	30	75
101	43	0	11	0	92
151	18	16	20	31	72
181	17	3	20	35	75
194	22	28	22	39	75
177	25	18	20	35	72
177	20	18	24	26	77
165	18	17	18	31	71
190	7	27	16	35	71
199	19	19	19	33	72
315	20	23	18	34	72
333	16	72	18	68	88
232	20	16	18	32	73
275	52	64	14	44	73
232	21	16	21	37	73
214	20	23	15	35	73
201	52	0	22	20	67
201	52	0	22	20	67
173	13	0	18	29	65
217	0	0	0	42	88
180	20	19	19	38	71
178	23	32	23	45	71
153	20	14	22	45	71
174	19	20	17	38	68
232	19	25	19	43	68
254	24	0	20	45	71
262	20	22	20	40	67
289	20	47	23	44	66
260	17	15	22	47	67
256	15	12	19	42	67
263	19	18	18	46	69
274	23	13	23	48	67
337	28	0	23	48	87
275	23	27	12	46	71
277	24	74	18	74	71
300	18	30	23	48	81
297	18	18	20	47	70
317	0	29	22	80	70
317	22	42	17	49	87
317	11	22	18	49	75
334	48	14	14	45	72
296	0	11	23	39	67
284	33	29	36	37	73
249	20	18	22	47	68
219	10	58	10	24	65
206	18	0	18	56	72
221	21	34	19	48	68
202	23	17	19	49	70
126	52	0	19	44	68
204	21	18	22	49	69
235	18	14	15	47	68
320	19	20	20	47	68
309	17	30	20	47	84
285	25	25	25	51	71
290	26	37	24	50	72
243	22	52	47	40	69
252	56	0	10	52	74
150	9	82	15	18	69
148	19	32	18	39	72
185	19	63	27	41	73
224	21	19	27	0	65
224	21	19	27	0	65
261	20	27	19	38	71
268	42	25	20	37	72
240	49	9	11	0	63
254	16	15	20	37	70
290	20	16	20	38	70
293	15	122	0	83	87
288	27	30	26	38	78
274	21	20	22	41	70
261	22	16	18	40	68
266	20	5	7	32	78
262	18	11	19	38	66
266	20	14	17	40	65
310	15	44	25	24	59
290	21	19	43	38	64
273	26	39	21	42	68
251	19	22	25	43	66
310	5	96	16	41	66
290	19	0	19	23	58
256	21	16	21	39	65
252	17	9	23	37	68
245	20	29	16	22	82
229	23	26	20	37	69
224	20	23	29	45	71
260	16	18	16	53	73
232	18	13	21	41	73
241	17	12	20	45	73
253	16	15	28	46	73
283	19	22	17	47	76
293	19	38	23	49	87
289	25	29	21	52	75
294	28	30	0	81	74
183	2	66	37	45	77
240	19	19	21	44	74
321	11	43	23	26	77
302	24	0	20	60	81
318	27	27	20	29	68
253	20	28	21	35	78
269	0	0	17	25	75
205	15	0	11	48	78
182	12	34	20	40	80
209	18	132	20	40	93
175	41	50	2	49	83
188	26	34	19	37	82
188	26	34	19	37	82
183	16	22	19	46	86
151	39	65	0	48	77
159	21	12	18	36	76
148	19	21	20	33	75
140	20	19	17	33	72
141	8	36	19	32	72
159	24	35	22	33	73
126	19	23	18	29	73
165	15	93	7	23	73
151	18	14	17	28	79
168	19	11	17	29	80
178	8	35	3	29	95
168	13	27	22	49	88
185	16	0	17	31	90
227	27	0	24	56	86
207	19	9	17	29	89
286	20	21	20	32	91
380	23	137	44	42	100
299	28	47	20	64	85
208	20	27	25	34	89
183	43	93	0	20	102
111	36	9	11	20	99
112	23	13	16	31	96
124	32	44	0	13	98
106	43	28	4	42	96
123	22	24	22	34	100
178	12	36	28	7	109
242	12	76	33	39	92
260	20	13	19	35	98
254	35	16	19	0	94
250	29	36	43	38	100
244	21	33	25	47	95
238	59	0	47	83	112
236	44	0	30	68	96
211	18	18	22	41	95
194	17	41	15	39	102
170	27	13	16	40	98
178	23	141	48	40	92
128	0	11	17	47	101
245	21	6	1	41	98
268	19	11	21	45	97
287	25	14	24	9	81
278	27	28	20	77	101
278	27	28	20	77	101
266	20	29	15	50	100
243	18	50	25	79	96
193	13	0	25	63	106
198	20	23	35	60	93
223	20	23	19	43	101
191	18	108	53	83	100
220	54	29	43	48	87
184	24	31	21	52	98
186	20	20	21	53	98
248	45	106	17	55	98
199	24	34	21	34	95
221	19	16	21	43	95
226	20	19	22	48	95
230	27	30	17	43	100
261	31	46	27	49	92
200	25	19	23	47	94
184	16	13	23	33	91
173	19	0	14	19	95
182	23	12	21	40	91
188	28	0	38	69	116
173	25	17	25	80	90
154	32	28	4	51	111
163	55	0	12	82	92
105	39	0	26	26	80
126	19	11	18	39	94
122	31	90	21	16	100
155	0	10	8	40	93
168	25	22	21	81	101
173	19	16	20	38	99
200	19	47	20	42	95
185	25	12	31	89	92
198	16	14	21	38	87
208	18	12	20	33	89
158	20	16	19	37	93
115	23	26	23	39	101
108	27	42	19	37	94
90	27	40	25	45	101
81	12	0	16	19	95
82	22	23	14	23	96
66	19	9	22	36	93
91	21	101	20	70	96
111	28	30	23	42	94
128	6	24	19	42	100
128	6	24	19	42	100
116	0	9	0	75	92
141	17	23	22	11	94
193	17	18	18	32	88
209	0	37	34	47	86
186	47	44	19	36	91
198	22	27	24	37	92
300	54	0	18	0	107
265	1	0	26	30	102
239	18	23	20	33	91
240	11	112	20	42	92
243	19	31	36	38	106
205	9	22	21	45	97
222	22	5	0	30	79
254	18	12	17	33	99
255	18	17	18	33	99
238	25	0	30	43	103
231	20	23	21	33	103
195	21	30	21	35	102
165	25	14	19	32	96
226	17	13	21	36	102
272	21	12	20	33	98
308	24	26	20	37	110
306	12	45	19	69	96
257	22	31	20	36	92
194	17	74	20	26	90
205	17	17	19	36	86
174	17	22	20	36	86
215	27	35	31	46	104
192	20	25	22	42	86
197	18	21	19	44	82
201	18	16	20	40	83
194	17	22	20	41	83
223	18	7	22	46	85
207	20	18	21	40	84
248	16	14	21	39	87
239	4	65	16	29	103
249	18	17	20	44	85
277	31	0	52	45	86
250	23	49	17	48	86
293	35	29	22	60	86
252	38	45	17	70	85
266	19	25	31	43	73
266	19	25	31	43	73
282	10	0	27	91	71
205	14	0	26	48	76
186	18	31	20	43	77
188	28	0	15	62	87
153	17	13	14	43	76
154	17	21	19	45	74
172	29	41	40	51	79
193	21	23	22	49	78
171	15	5	29	50	78
163	20	14	18	41	79
157	19	12	23	39	81
180	22	12	17	39	82
210	54	41	21	47	84
230	25	50	24	39	84
258	14	43	20	37	84
269	23	12	22	32	85
261	22	10	20	34	86
259	22	25	20	35	88
251	54	43	24	44	82
238	27	35	22	33	87
231	30	70	33	43	92
233	21	13	19	39	90
246	19	18	21	38	88
266	24	30	20	44	88
263	28	0	28	41	84
243	20	34	32	44	87
243	19	47	11	38	93
233	23	17	27	32	80
205	23	19	21	33	80
236	30	0	0	0	94
290	24	24	16	44	80
263	0	12	17	0	62
288	21	12	20	32	79
318	21	45	11	20	95
296	25	27	21	36	79
274	10	34	24	41	82
302	3	1	0	52	76
220	20	14	20	41	79
188	19	16	21	45	79
182	43	28	24	48	81
184	21	4	22	47	83
193	26	16	21	48	80
199	18	25	24	36	85
199	18	25	24	36	85
244	20	15	22	43	78
354	22	22	19	41	80
307	19	17	24	45	82
314	20	16	22	41	83
311	20	17	21	42	84
297	21	0	18	22	76
272	19	20	20	39	86
259	18	19	23	40	88
247	17	31	22	40	100
235	24	138	15	48	81
250	19	21	29	50	92
246	10	0	27	36	101
219	16	39	14	52	88
230	19	15	24	41	98
242	46	20	45	24	119
251	0	0	18	69	105
260	25	20	24	49	123
286	19	36	19	43	109
294	20	29	22	46	115
273	33	40	54	71	111
232	19	12	22	45	89
182	19	12	18	51	92
194	18	16	19	47	85
182	26	18	8	50	83
220	24	30	18	49	80
234	18	19	22	51	76
232	40	0	34	28	71
236	18	15	21	40	60
221	16	9	21	36	73
213	21	24	32	80	73
194	21	34	22	17	76
191	21	19	22	53	77
168	19	110	23	34	70
152	54	70	11	47	66
134	34	10	36	0	69
135	20	17	20	45	67
159	22	23	24	50	68
192	55	61	15	60	67
217	25	126	22	23	74
258	23	22	21	58	68
288	22	15	17	52	80
312	28	36	6	45	92
286	20	15	18	50	92
286	20	15	18	50	92
284	21	21	21	49	96
277	20	26	20	57	95
286	26	85	21	23	101
302	28	36	25	53	98
292	29	0	0	49	83
318	20	25	33	23	81
303	20	16	20	42	84
326	9	12	18	47	87
289	26	41	27	47	88
245	18	31	20	40	86
208	15	0	19	60	80
196	19	14	19	41	83
184	22	14	21	44	82
153	27	28	23	60	83
139	23	32	19	47	84
148	24	27	21	47	84
148	20	15	20	47	81
181	19	19	15	53	82
191	10	0	33	87	77
219	20	25	19	58	84
191	46	0	7	99	93
176	18	18	19	57	80
236	1	0	16	83	61
240	24	22	23	56	85
244	20	25	23	54	87
232	22	13	23	54	88
219	20	16	20	56	86
194	13	0	20	61	98
205	23	23	23	61	87
248	58	0	17	64	86
240	4	81	9	37	84
218	10	71	22	53	94
247	16	78	24	60	93
290	21	21	20	61	94
289	18	0	24	44	99
299	20	23	20	56	97
283	22	23	23	58	103
291	25	48	7	62	111
289	22	32	24	59	124
272	21	16	22	63	135
236	25	16	17	54	136
230	23	12	23	72	109
230	23	12	23	72	109
214	20	13	21	57	106
257	9	0	29	62	103
228	7	2	17	69	103
226	22	25	22	65	104
226	15	0	26	99	82
210	23	0	12	67	109
181	19	13	20	56	104
207	39	0	19	43	89
195	28	36	9	81	113
206	26	19	21	56	105
207	24	0	21	53	113
213	12	79	3	58	88
224	22	18	18	55	105
215	20	35	15	2	83
212	15	46	27	50	103
180	21	19	20	41	111
188	0	32	32	8	118
156	22	21	24	32	116
162	20	18	18	45	118
223	38	0	0	4	121
216	28	31	26	61	125
218	24	33	22	53	121
184	15	0	18	55	120
191	24	28	12	33	120
209	19	18	26	52	122
236	44	0	43	104	133
226	23	39	23	56	128
265	21	34	26	66	133
225	19	44	25	60	127
284	44	0	17	104	132
259	34	9	13	63	127
273	23	20	22	79	118
262	19	109	0	18	100
258	34	85	32	97	104
248	22	21	22	77	111
231	23	23	24	75	110
209	34	25	23	99	110
236	22	13	27	71	118
239	20	14	25	72	109
231	22	17	24	70	108
215	22	16	24	77	109
245	27	44	22	74	111
245	27	44	22	74	111
230	25	17	6	67	107
233	13	0	5	68	117
208	21	15	22	65	108
179	22	18	24	67	108
204	27	97	17	82	92
208	52	33	23	46	111
239	24	41	20	74	98
263	24	19	19	59	103
276	27	38	16	92	93
229	21	14	25	76	84
213	0	48	12	79	68
219	9	41	27	57	87
201	28	13	23	76	84
182	22	13	22	71	82
178	22	15	22	70	78
213	40	16	25	65	77
235	22	24	20	72	79
244	27	32	27	62	77
242	6	151	0	70	81
235	24	18	22	56	74
227	57	26	33	70	87
211	26	20	27	57	74
204	25	13	23	60	70
187	11	0	49	62	62
198	20	13	21	49	70
208	0	43	40	51	75
245	24	117	20	60	75
235	22	21	17	51	71
188	37	38	16	67	77
173	23	22	24	72	71
161	24	16	22	54	73
154	29	34	25	40	77
149	25	21	55	52	74
145	24	20	25	52	73
133	33	0	29	35	87
164	20	19	23	44	76
182	61	0	19	46	81
247	26	34	21	43	86
298	19	32	18	44	89
319	34	0	11	0	76
335	22	27	26	44	100
361	51	14	22	0	100
366	18	23	14	47	108
366	18	23	14	47	108
350	25	18	15	53	107
343	28	23	23	50	100
326	26	33	25	50	99
321	3	49	36	36	89
298	21	18	21	56	83
306	24	17	24	60	83
306	25	44	56	68	91
289	45	58	24	66	87
271	24	35	22	61	89
264	36	0	12	52	93
271	23	13	20	60	89
292	21	18	22	60	88
317	36	56	9	62	88
300	30	47	12	64	96
300	27	33	25	68	95
291	37	48	31	3	92
298	11	0	22	76	97
276	24	21	21	43	97
288	30	0	37	82	114
266	25	25	27	40	103
287	23	17	21	36	98
293	28	36	24	37	96
281	26	22	24	35	92
308	55	123	47	39	97
270	25	11	23	35	92
306	22	18	21	34	90
320	22	21	21	37	86
343	32	40	25	43	84
328	28	45	21	44	86
317	26	34	20	43	88
321	27	18	20	24	91
294	21	73	19	38	84
298	22	22	19	36	87
312	15	0	28	39	85
222	38	28	23	48	87
225	8	0	24	44	81
240	7	68	27	24	84
236	21	19	22	36	76
239	22	17	23	35	75
221	23	22	20	34	82
275	29	31	42	42	84
220	23	20	20	38	82
220	23	20	20	38	82
209	17	31	9	34	86
225	21	17	20	46	102
233	22	14	20	44	111
247	0	22	41	92	108
276	23	31	31	43	113
288	39	25	22	54	117
298	26	21	21	59	114
301	28	22	24	59	114
312	34	17	28	59	117
279	16	26	27	54	98
274	25	15	21	50	106
266	21	18	23	47	101
233	19	31	13	36	99
278	22	0	20	93	95
273	27	32	23	53	90
315	20	62	23	52	74
323	25	42	24	43	91
307	24	17	21	60	79
297	22	42	22	63	78
295	32	98	27	110	77
277	23	26	23	60	77
267	33	0	16	64	76
250	21	20	24	57	75
245	24	25	23	55	77
258	25	27	38	65	80
259	24	25	23	56	77
265	20	31	25	54	77
260	21	18	20	50	76
260	24	19	22	49	79
291	0	85	14	0	68
344	23	23	26	48	81
263	68	60	13	62	82
311	12	6	21	45	71
289	7	139	30	0	61
351	26	47	31	56	100
289	29	23	24	50	80
243	22	0	18	46	86
223	23	19	24	49	79
233	25	25	16	47	81
240	29	53	24	52	81
206	26	23	23	49	82
207	25	25	24	49	82
207	25	25	24	49	82
195	23	22	27	48	85
187	24	18	22	43	83
194	22	31	23	44	84
218	59	35	24	51	88
217	26	19	24	44	83
210	0	4	24	36	85
222	24	24	23	37	85
230	0	43	17	38	85
227	29	102	24	34	92
217	30	21	24	47	87
240	0	75	3	107	92
241	27	13	26	44	96
235	57	18	16	84	69
257	24	26	26	51	87
309	32	48	17	55	92
278	44	0	33	56	81
284	11	91	25	37	79
263	24	16	24	43	88
253	23	7	24	51	96
272	32	26	29	57	107
262	27	25	19	50	87
254	13	22	20	46	93
203	46	0	6	37	79
171	28	22	23	45	88
165	26	0	22	49	94
185	25	26	24	46	91
258	32	36	26	45	95
223	24	13	19	48	96
224	24	18	27	50	98
271	17	48	24	54	98
202	29	21	22	60	95
187	25	23	22	55	94
203	55	46	23	56	91
236	21	16	23	61	87
243	26	14	22	59	87
237	34	115	24	60	88
239	26	27	22	65	90
237	28	23	25	66	89
230	26	22	20	72	87
255	29	26	17	82	83
263	22	17	21	74	84
261	24	28	23	76	83
266	11	6	25	48	99
266	11	6	25	48	99
209	22	32	25	77	84
171	53	16	20	59	79
151	23	16	21	67	82
153	21	21	24	62	79
139	23	25	25	66	79
121	32	36	51	99	74
126	28	35	20	64	78
102	29	31	24	71	77
107	22	19	27	67	80
97	25	20	20	64	77
112	27	0	21	68	80
110	23	20	24	67	79
139	23	30	17	72	75
209	21	55	16	96	71
186	24	25	24	72	74
196	25	28	21	71	74
217	26	28	19	71	78
197	23	21	28	75	81
185	24	23	23	65	80
200	25	27	25	70	80
190	17	22	41	63	89
197	23	23	22	61	95
262	24	23	26	62	102
230	30	32	25	81	92
247	35	37	25	67	106
241	25	39	27	63	105
230	29	23	27	61	86
238	18	29	30	91	94
277	33	0	29	68	89
256	17	50	24	69	76
244	28	27	28	52	93
248	27	39	19	82	84
241	57	0	41	101	95
241	25	0	21	80	92
309	27	19	26	56	97
299	29	22	23	59	117
247	27	70	28	58	103
216	33	42	32	58	98
238	37	66	20	45	78
201	43	51	25	50	100
160	27	16	24	55	97
138	33	9	23	38	98
138	33	9	23	38	98
119	32	0	29	49	91
100	26	20	26	55	91
83	30	24	27	87	84
104	25	16	25	59	80
131	28	26	28	58	81
169	58	53	33	60	78
200	26	36	24	55	77
221	28	21	23	53	78
222	25	0	28	55	62
234	21	17	26	58	72
224	25	23	30	56	69
250	19	42	29	59	62
223	23	33	29	47	69
228	26	20	27	47	67
206	25	0	24	70	76
199	24	21	25	40	66
191	26	20	28	46	67
210	23	23	27	55	68
196	28	40	22	41	72
178	24	29	27	77	68
136	19	0	22	70	56
159	24	29	37	65	65
201	22	19	25	78	65
274	0	114	13	27	74
333	14	18	23	79	69
317	24	51	30	56	67
256	23	38	29	78	71
212	23	47	27	75	82
279	21	0	0	117	85
300	22	18	24	68	99
205	21	27	25	71	104
194	24	20	26	72	109
185	26	23	58	85	117
173	57	31	23	80	104
150	29	28	25	82	118
175	22	31	26	84	121
213	23	25	25	75	120
223	22	21	25	71	114
217	20	30	44	108	80
231	22	96	32	51	89
260	21	26	27	53	101
271	22	18	24	62	99
282	24	32	25	59	110
282	24	32	25	59	110
320	21	35	26	54	116
279	21	44	22	62	111
214	33	18	24	54	126
235	28	35	32	54	113
225	55	0	1	67	119
175	43	0	18	75	117
162	24	18	25	58	121
237	9	17	26	61	123
203	15	56	35	49	127
255	18	35	17	55	124
266	25	25	23	50	127
284	23	22	9	51	132
280	6	40	21	22	125
270	24	31	28	38	122
260	12	43	16	33	120
247	11	79	8	41	129
257	24	29	30	51	118
282	29	25	22	54	121
271	39	0	49	82	108
272	23	18	22	62	126
245	25	31	22	63	135
233	24	0	24	55	146
225	28	26	27	57	146
214	26	23	19	55	156
212	29	32	37	61	167
217	23	20	22	51	163
233	21	20	23	48	165
241	26	29	25	52	164
236	27	30	23	47	162
227	28	53	23	57	170
193	23	33	27	50	162
165	51	0	27	38	122
123	45	0	34	49	138
113	22	23	13	51	133
41	1	70	17	31	127
146	24	15	24	50	125
141	56	37	27	52	126
150	24	0	15	1	118
92	37	0	16	28	114
114	24	21	32	41	124
116	62	35	10	50	114
116	62	35	10	50	114
124	28	30	22	41	122
137	28	45	23	41	125
101	29	37	18	44	123
98	15	78	31	62	118
189	29	91	24	61	127
223	24	28	20	41	129
259	27	31	29	43	131
247	0	126	49	4	130
254	31	25	26	41	130
243	28	31	23	38	124
243	37	51	30	43	124
215	24	27	16	38	116
201	24	19	25	39	115
191	23	22	34	36	108
208	24	25	23	26	104
173	30	28	32	42	95
164	25	33	30	35	108
185	28	53	48	77	111
168	20	84	24	31	116
168	29	13	27	26	105
170	27	35	25	40	109
160	0	31	38	24	109
138	31	43	31	31	104
142	31	23	23	64	100
146	44	11	20	62	94
171	12	24	36	56	95
159	27	30	27	55	90
174	42	51	7	56	91
184	69	105	25	47	88
189	20	104	60	47	82
237	18	76	27	10	64
243	23	23	27	47	92
245	23	0	38	85	98
231	31	35	28	51	97
238	25	31	33	47	77
234	12	35	27	44	80
251	24	22	33	45	82
244	24	24	29	46	87
261	13	51	14	49	85
313	25	27	28	53	86
341	24	18	24	51	80
341	24	18	24	51	80
304	25	15	30	51	76
294	24	23	28	52	71
283	22	0	0	91	63
286	25	24	28	61	61
293	22	26	55	42	45
240	14	67	35	42	70
256	26	29	27	54	65
270	32	39	49	59	77
243	34	30	30	59	71
248	27	23	28	54	67
217	36	0	31	33	85
206	50	9	28	48	64
184	0	23	21	32	40
167	27	30	16	39	68
149	29	134	26	68	80
152	27	27	28	35	77
136	4	5	31	34	102
98	32	60	32	55	89
153	29	24	24	32	99
166	11	6	28	79	103
190	13	0	44	21	115
221	29	26	26	38	93
243	28	25	23	38	91
216	31	31	27	46	87
226	32	13	19	68	88
215	27	16	25	67	79
195	26	23	27	75	78
189	27	27	22	85	69
199	31	46	30	86	78
216	32	4	19	78	80
230	33	84	0	75	67
169	12	38	15	57	80
216	16	26	44	74	80
248	27	23	24	70	71
208	10	81	45	116	89
246	45	20	36	61	67
254	34	47	28	89	73
272	25	39	25	64	70
251	30	26	24	65	75
252	52	58	20	59	68
256	11	77	18	69	89
229	24	20	29	72	84
251	62	153	0	72	91
251	62	153	0	72	91
253	28	0	18	70	102
218	27	27	24	74	92
232	24	44	16	73	98
236	26	27	18	77	100
236	31	68	25	72	104
214	28	79	26	66	97
205	23	20	24	66	96
215	23	22	25	60	96
182	12	10	22	43	109
220	3	99	15	0	100
193	26	15	47	62	105
177	30	24	27	56	103
200	26	26	26	49	97
181	1	49	27	47	100
203	25	25	22	48	101
209	24	22	26	47	105
228	26	20	25	52	108
250	28	29	28	57	109
278	26	0	24	53	113
249	56	0	40	7	115
266	25	29	24	58	118
259	29	43	29	61	119
263	24	28	27	67	122
269	12	0	29	63	137
271	25	70	17	76	119
246	0	19	20	86	105
242	28	35	23	66	104
237	26	110	30	69	86
288	25	57	33	70	110
288	29	81	33	98	92
254	27	36	27	75	92
240	22	32	25	78	92
193	24	94	20	64	92
180	23	19	25	81	101
173	22	28	24	81	105
178	0	36	23	69	88
182	13	40	33	95	115
280	31	39	27	95	118
288	27	91	27	100	129
269	13	47	28	97	136
235	24	40	34	91	138
235	24	40	34	91	138
245	23	21	23	102	134
224	22	26	20	98	136
194	23	20	25	97	135
204	24	26	48	75	147
167	26	30	25	96	133
178	63	41	59	98	131
175	28	24	23	94	113
215	51	0	25	78	82
171	24	24	35	69	107
179	23	34	26	89	90
225	24	0	26	91	83
236	31	36	26	81	87
254	16	23	22	78	85
251	22	26	24	77	90
243	24	29	24	72	89
216	23	38	25	81	91
209	25	27	28	73	92
187	25	40	25	75	97
174	21	25	24	75	99
180	23	26	23	80	101
194	26	25	27	84	104
220	34	44	28	90	111
228	26	32	29	87	112
245	25	31	28	78	115
252	23	27	28	66	127
286	27	6	33	55	121
265	30	22	28	59	131
255	36	14	30	22	154
246	39	76	26	62	153
245	40	29	29	115	159
257	33	35	26	61	166
214	40	0	23	47	168
279	28	77	26	75	172
243	31	29	26	62	176
220	35	29	26	70	177
241	17	103	26	14	173
221	34	33	29	73	168
190	30	27	16	63	162
187	30	25	23	67	154
204	38	28	25	77	150
199	51	83	23	46	131
213	30	22	26	51	126
213	30	22	26	51	126
254	72	64	25	49	124
196	37	9	24	80	125
194	27	58	51	43	120
244	29	40	32	52	112
279	32	36	25	60	110
324	21	0	23	64	109
263	27	22	28	65	106
249	26	25	28	70	108
206	24	30	26	71	111
168	55	0	0	67	130
181	32	48	28	74	111
181	27	39	32	79	107
163	26	27	27	80	111
156	29	30	24	88	110
230	27	114	7	84	112
296	11	20	22	69	113
289	30	19	18	82	104
290	26	30	22	82	118
292	26	28	26	80	125
307	28	28	27	75	130
285	29	32	33	77	136
262	35	57	26	74	149
252	14	39	24	80	170
249	27	41	20	79	149
251	29	36	27	78	143
256	27	42	26	79	134
273	24	30	25	78	130
310	40	61	10	90	122
290	45	0	25	106	120
283	29	0	20	89	108
282	27	29	27	79	106
245	30	21	41	73	102
270	0	38	22	28	78
268	25	25	27	60	96
243	30	26	27	59	99
229	60	73	16	50	100
165	26	17	20	63	106
152	25	22	24	53	111
154	26	21	24	49	118
166	31	34	24	84	127
164	25	10	28	58	115
164	25	10	28	58	115
196	27	31	32	60	102
209	29	20	28	54	102
211	61	0	27	57	93
182	24	34	34	43	114
188	26	31	27	72	104
157	28	0	51	131	95
220	20	51	34	95	103
222	28	27	22	85	106
179	28	20	53	79	100
214	17	11	24	76	116
211	26	27	28	68	113
191	27	31	29	67	118
150	36	177	25	111	119
212	29	43	25	88	123
201	37	34	30	70	127
189	29	31	28	65	123
199	32	36	27	95	131
225	22	0	33	79	105
231	27	30	26	86	113
235	21	118	22	29	116
227	34	37	31	98	115
228	29	23	27	85	119
197	30	24	27	83	118
179	46	98	15	114	110
221	2	83	5	75	114
192	30	29	21	65	97
161	38	116	8	51	93
150	31	48	26	64	77
188	38	153	40	41	85
97	0	0	38	87	81
165	28	25	25	42	79
166	32	51	25	47	83
178	30	36	23	52	81
175	30	27	28	54	75
161	27	26	25	56	75
149	29	25	25	57	71
121	66	0	21	60	72
136	29	31	27	59	71
151	22	109	17	60	72
125	24	67	22	70	81
145	30	32	20	58	71
145	30	32	20	58	71
112	14	20	13	95	67
140	30	27	27	63	81
167	29	16	27	60	72
160	23	43	18	68	64
184	29	25	27	60	77
136	43	75	36	89	46
173	23	29	31	85	70
