concentration_1	concentration_2	concentration_3	concentration_4	concentration_5	concentration_6
0	0	0	0	0	0
68	18	26	22	9	33
26	15	12	20	15	14
22	16	8	12	18	17
26	16	26	19	15	17
38	44	48	7	7	1
28	33	138	0	0	0
32	18	19	18	18	17
24	5	62	27	59	22
35	17	23	17	20	14
33	52	148	17	58	17
39	19	24	24	10	20
39	18	0	16	26	23
46	16	14	18	14	16
34	15	8	35	29	10
57	8	0	19	18	20
61	16	8	15	11	14
41	6	0	29	30	28
41	6	0	29	30	28
67	46	107	27	30	13
60	11	29	11	40	22
53	17	10	18	14	15
61	12	38	18	16	17
54	16	14	20	24	16
77	17	22	0	6	11
95	31	114	16	15	14
132	19	66	25	11	43
157	16	16	20	22	18
147	32	19	21	5	17
134	15	13	17	15	16
119	17	16	19	15	17
129	4	30	22	25	20
106	16	12	15	17	17
84	1	0	32	7	13
93	18	103	25	36	26
92	19	149	16	0	18
87	20	32	8	23	18
94	15	8	18	16	17
126	32	27	7	53	24
104	12	28	16	19	37
96	0	54	0	29	0
95	17	21	15	14	16
91	16	22	15	18	27
88	23	18	9	11	15
92	16	0	18	49	23
98	15	21	18	16	18
94	18	24	21	15	18
75	0	41	7	17	19
82	17	10	16	13	17
133	17	0	16	17	18
80	19	35	20	18	17
85	51	59	34	0	21
218	17	15	20	16	17
240	43	86	27	19	37
310	13	134	18	21	3
240	46	0	35	0	5
270	16	11	15	15	15
273	16	25	19	18	15
235	16	33	19	26	19
175	16	12	18	13	17
99	0	42	32	5	14
177	17	59	5	50	14
275	25	13	25	24	18
275	25	13	25	24	18
229	15	28	14	18	18
306	31	6	8	12	24
309	15	13	15	16	16
348	24	17	17	26	0
320	17	17	16	14	17
282	31	128	24	16	21
211	30	41	24	0	33
201	15	18	23	17	17
207	10	28	10	51	20
252	26	31	17	4	19
294	25	2	1	18	17
327	16	10	16	15	16
319	19	19	20	19	17
306	27	33	11	18	19
311	17	24	18	24	18
272	37	0	26	0	12
284	17	20	22	19	16
279	16	13	20	12	8
275	19	56	13	73	18
287	10	79	21	49	15
264	22	34	25	23	0
263	16	15	17	17	15
278	21	0	20	16	33
265	19	31	17	20	16
221	4	90	21	26	14
255	16	17	15	18	15
243	12	0	24	61	2
242	20	28	18	23	16
238	21	44	18	1	11
236	16	11	17	13	15
237	19	15	18	18	15
255	17	28	9	18	46
241	22	11	18	16	20
239	15	0	43	36	24
243	17	12	19	15	16
287	0	0	9	25	0
242	15	20	22	19	16
218	13	23	8	9	9
248	26	20	15	14	16
197	19	0	19	15	7
174	0	6	19	0	19
157	15	20	18	15	15
187	17	14	17	18	16
187	17	14	17	18	16
125	17	24	8	21	30
115	25	17	32	18	17
136	22	25	15	0	13
113	12	21	16	18	17
128	19	16	15	0	13
123	21	19	17	19	17
120	19	3	13	2	9
126	16	17	16	14	18
114	31	59	46	0	23
121	23	31	17	13	16
87	21	49	0	14	40
113	14	10	17	14	16
109	17	40	12	22	23
111	8	0	18	9	19
122	51	104	42	27	0
83	16	12	20	15	16
94	50	65	22	6	6
210	15	16	16	26	21
231	11	0	12	0	24
218	16	13	18	15	14
218	27	18	0	53	2
197	23	33	17	21	15
215	12	89	40	10	0
199	20	10	17	19	14
255	23	37	0	0	27
285	26	7	13	21	18
283	0	37	21	0	21
212	27	22	26	16	17
243	54	0	25	18	7
372	34	22	12	20	15
368	25	1	18	6	17
312	45	14	18	20	15
337	51	31	32	22	17
329	57	29	18	25	18
354	57	24	15	19	14
325	27	0	19	14	0
372	65	16	20	25	17
351	57	133	18	9	9
346	63	27	20	25	12
349	67	35	18	8	9
372	68	9	18	21	15
372	97	0	27	1	24
350	69	10	15	17	16
359	64	138	22	7	32
356	61	0	8	44	30
356	61	0	8	44	30
340	50	30	20	27	19
340	47	35	17	37	20
315	61	10	12	25	17
324	77	79	10	0	3
320	61	18	14	21	15
321	66	3	43	54	0
270	84	125	15	10	16
311	76	28	14	0	15
317	48	15	17	17	16
354	45	10	23	72	28
358	40	37	1	63	19
325	43	20	22	16	16
293	69	86	6	4	23
252	41	16	28	19	15
220	37	0	34	0	0
237	47	35	19	27	33
252	17	0	9	4	13
269	36	22	18	18	15
271	36	23	15	14	17
296	34	11	15	22	18
322	27	37	17	48	2
313	34	10	15	17	15
312	27	14	18	29	17
296	30	22	17	22	17
301	34	10	11	18	17
329	37	114	46	0	6
267	26	9	18	17	16
293	37	4	18	18	15
250	27	21	16	23	19
246	27	29	19	21	14
235	23	18	24	17	15
214	24	11	19	16	16
181	20	0	21	5	39
200	29	33	16	17	17
253	57	0	26	18	1
231	23	15	15	16	15
225	50	34	17	49	11
225	28	22	41	22	21
195	23	25	17	13	16
203	21	0	20	11	8
213	20	18	19	15	16
205	28	59	28	18	19
242	22	29	30	21	14
242	22	29	30	21	14
268	16	15	18	21	18
278	37	36	13	22	20
290	21	14	15	21	14
276	54	0	16	53	35
278	18	43	20	22	19
281	9	19	20	4	14
255	17	12	17	18	17
251	15	17	17	20	15
226	28	45	12	54	21
238	15	15	14	24	19
219	0	30	24	20	19
220	16	17	19	20	15
207	0	18	28	23	18
207	23	27	12	20	16
201	22	9	16	19	18
216	24	0	31	12	29
225	16	13	17	18	16
242	8	16	20	22	16
262	17	25	18	21	16
252	18	18	20	26	20
252	15	10	19	15	16
243	18	13	22	17	16
228	9	0	0	31	15
218	25	0	32	0	11
242	18	12	20	17	23
224	17	10	19	16	17
223	26	43	22	30	29
195	20	19	16	22	21
201	14	19	18	28	17
213	15	13	18	17	16
243	18	9	24	28	17
208	0	16	16	0	27
163	21	28	20	26	18
127	12	0	14	38	33
144	15	7	13	28	16
336	19	98	20	42	16
364	20	32	23	9	18
325	14	18	17	25	16
282	18	10	17	22	15
224	16	18	18	24	18
215	14	48	13	17	35
219	18	7	18	23	16
226	26	42	10	0	20
203	11	98	18	29	21
203	11	98	18	29	21
219	19	91	19	21	18
267	12	12	19	29	23
269	17	19	22	33	18
203	14	21	36	12	31
206	7	50	21	8	9
203	18	25	18	23	18
238	27	44	21	31	23
193	18	12	22	17	17
206	0	54	18	28	20
253	20	8	16	15	17
292	56	24	10	0	42
265	12	101	25	18	19
208	30	28	21	0	16
264	24	0	33	28	23
250	25	16	20	19	18
248	54	11	14	18	17
215	20	39	23	76	22
257	23	36	22	22	17
317	15	0	10	26	13
274	17	14	18	22	16
220	0	0	0	27	15
234	17	0	20	16	17
262	10	61	21	45	11
348	17	12	18	16	15
313	27	80	46	70	9
343	23	40	22	56	22
280	19	21	26	21	19
255	1	29	5	0	19
264	15	14	19	18	15
249	19	16	20	18	16
228	33	24	18	16	18
224	18	22	30	23	24
229	22	28	20	18	18
271	38	57	14	31	24
254	21	19	20	18	17
250	18	8	17	18	15
327	18	64	46	13	24
394	21	31	28	18	20
357	18	0	26	79	8
396	9	0	15	0	39
378	14	10	19	16	16
359	15	13	20	16	15
343	20	21	20	29	1
343	20	21	20	29	1
324	22	35	27	20	14
308	18	22	36	23	22
297	0	0	0	18	38
281	15	16	10	2	9
285	14	21	20	17	18
289	19	30	20	11	20
293	15	94	11	0	20
296	16	21	22	24	18
335	32	0	15	9	19
287	16	11	22	22	16
261	16	12	20	16	16
313	42	0	10	43	12
275	26	34	26	10	18
263	8	1	22	19	17
273	7	62	17	17	13
270	17	8	21	23	17
283	15	15	19	18	16
282	20	88	12	23	18
301	6	15	20	19	14
302	17	18	20	26	18
301	28	79	33	14	16
232	20	82	21	12	12
239	15	14	19	17	14
287	52	5	24	66	21
310	33	43	22	72	20
340	15	25	19	20	18
306	7	111	4	0	14
298	14	11	18	16	15
271	16	18	19	21	17
264	16	38	21	19	18
246	16	7	23	22	16
227	16	0	21	15	19
216	15	14	21	16	15
262	3	18	21	19	17
250	18	10	17	21	8
219	49	19	49	17	2
159	32	81	14	16	23
163	18	13	24	17	17
167	21	15	23	23	19
213	18	31	43	20	8
240	19	0	21	22	19
245	16	10	18	15	17
230	18	19	20	21	15
251	0	37	1	50	40
251	0	37	1	50	40
241	15	113	30	18	18
243	24	0	0	59	6
229	16	12	21	16	15
210	24	43	24	23	16
198	18	3	19	17	16
182	4	102	0	1	14
198	16	13	18	21	15
214	49	84	17	0	0
236	21	18	22	25	20
219	16	114	30	3	42
177	8	0	15	20	15
182	17	20	16	22	16
204	22	40	23	22	21
265	16	15	15	25	16
294	0	11	3	8	15
368	17	21	17	21	16
428	52	33	23	47	21
369	26	16	13	58	46
374	14	8	15	0	14
337	42	0	27	1	19
353	20	19	20	20	19
404	24	52	36	70	41
378	23	29	19	19	19
291	14	41	22	25	18
274	21	11	27	19	19
327	20	10	19	18	19
340	34	17	21	0	19
313	23	26	23	20	18
283	21	28	16	22	19
249	27	49	10	27	26
234	20	15	19	19	17
263	22	22	19	20	18
254	8	25	42	73	44
179	22	11	21	27	21
138	0	118	42	55	0
138	14	72	24	20	26
261	28	30	19	25	18
333	31	0	0	17	31
353	21	20	20	32	22
329	15	0	16	26	42
270	23	9	17	28	19
334	25	14	18	31	18
296	29	25	22	39	10
296	29	25	22	39	10
333	28	30	18	34	20
316	25	17	20	32	20
220	25	9	19	32	20
206	24	19	21	33	18
139	16	42	11	8	40
222	25	19	19	39	19
258	27	38	18	34	20
226	16	0	17	60	20
214	26	17	17	32	20
210	29	0	22	66	0
244	18	3	55	45	46
197	16	0	19	32	24
208	22	14	21	28	20
241	22	22	17	30	20
258	29	41	21	36	28
268	32	34	45	31	26
269	26	19	18	31	25
256	24	66	0	36	26
242	23	14	18	26	22
259	28	21	21	29	24
257	32	35	27	37	47
265	26	20	20	28	24
311	49	0	23	23	28
278	22	13	18	26	24
302	26	20	24	27	24
313	24	118	0	44	22
290	26	16	20	26	27
282	8	22	18	27	25
276	36	0	34	4	27
279	33	0	7	89	15
265	32	41	19	28	25
227	25	15	28	22	26
159	25	0	21	7	25
196	24	12	19	19	24
133	15	91	24	10	20
163	28	24	20	23	29
146	27	23	24	18	29
184	62	100	18	3	30
149	25	11	17	17	26
150	25	16	14	21	25
181	37	147	55	16	29
113	32	0	23	21	26
105	30	35	18	15	26
105	30	35	18	15	26
87	40	11	21	17	25
119	25	8	12	16	26
137	27	17	19	21	26
168	6	22	0	65	10
125	28	19	19	16	25
98	30	6	4	17	26
118	30	20	30	0	27
150	37	8	14	0	20
98	42	0	22	22	26
96	30	32	22	19	26
106	28	12	11	3	25
124	26	15	20	18	25
209	28	23	13	18	26
174	31	38	10	27	27
121	33	34	20	25	28
130	29	32	21	31	27
101	3	30	15	24	17
152	24	18	19	30	31
205	22	10	16	28	30
167	59	144	9	31	24
160	14	29	15	27	29
160	17	43	24	37	30
158	26	69	29	42	36
158	0	0	13	66	34
78	23	14	19	22	35
91	17	54	0	52	44
183	16	32	7	28	20
140	28	16	20	23	35
128	19	19	19	19	26
199	24	6	19	23	29
259	24	16	19	20	28
204	31	29	20	28	30
178	29	149	7	0	31
91	27	10	19	25	31
108	24	0	7	29	38
92	28	15	21	27	34
94	44	26	11	16	53
110	29	15	19	32	40
109	28	26	23	35	39
166	18	142	5	0	38
118	25	11	17	34	38
140	26	15	19	32	37
164	27	17	22	34	44
148	51	50	21	35	50
148	51	50	21	35	50
113	28	23	21	31	42
83	27	29	19	29	41
90	23	0	10	37	41
121	24	13	18	26	37
104	25	16	28	24	38
106	15	41	19	26	43
84	26	109	20	25	38
83	25	15	22	22	42
99	24	65	18	0	27
77	24	14	21	18	35
99	28	23	18	22	34
158	27	34	17	31	32
170	28	18	19	23	29
191	28	21	19	22	33
214	22	76	36	6	41
220	24	14	20	23	39
181	24	14	19	23	42
161	28	42	7	39	38
172	30	36	10	34	45
144	26	23	22	40	58
82	0	0	29	80	55
107	23	11	21	32	50
91	22	12	18	34	52
123	13	0	12	35	56
180	31	41	42	7	57
131	25	18	18	33	52
128	30	0	1	29	46
113	24	20	18	22	51
152	22	18	15	24	50
308	24	30	24	27	52
244	25	113	4	27	55
156	25	26	20	35	48
190	11	135	16	15	58
130	53	42	23	57	49
222	30	50	11	32	51
205	24	10	16	25	45
159	26	19	20	24	47
68	58	0	0	22	54
94	27	37	21	31	53
197	14	6	11	15	55
140	20	0	20	19	54
107	23	0	28	43	52
104	28	28	23	25	47
122	26	8	21	8	52
122	26	8	21	8	52
154	26	83	34	30	42
134	33	25	16	27	34
82	15	0	13	11	53
134	59	0	9	58	67
128	18	24	18	56	53
280	28	18	23	25	52
235	61	57	0	52	69
145	21	60	3	40	55
175	24	16	21	39	49
230	27	0	6	17	48
245	29	25	17	42	49
153	59	2	29	45	55
155	16	0	20	46	65
88	44	16	11	10	60
100	26	17	18	40	59
136	0	18	23	23	32
94	33	25	34	52	59
97	28	25	20	43	55
72	14	69	15	24	50
69	24	10	18	37	45
69	24	16	22	38	46
99	23	20	22	45	48
82	29	28	8	36	45
115	55	139	5	38	53
104	24	11	16	28	46
76	24	20	12	23	45
98	22	135	14	82	44
120	25	35	19	20	47
150	31	25	23	20	46
142	0	0	0	61	57
111	43	27	45	56	52
93	62	24	18	26	49
87	26	27	19	27	50
82	28	77	23	22	45
155	24	21	17	27	50
187	25	23	25	31	52
152	29	128	27	41	51
141	24	31	20	34	53
128	27	20	19	40	54
126	27	16	23	31	53
129	28	18	20	37	54
106	0	37	22	28	59
110	32	34	23	39	59
110	32	34	23	39	59
103	23	23	8	35	59
118	45	92	11	26	58
81	28	44	8	32	59
158	33	14	13	40	63
186	29	22	22	47	59
203	42	64	19	28	53
253	29	20	20	37	59
277	31	16	19	39	58
271	25	0	21	84	61
259	31	18	14	41	61
308	66	34	38	50	63
280	27	17	18	43	58
271	33	29	21	50	60
222	27	28	21	53	59
186	29	16	24	53	63
177	39	0	48	30	47
155	33	27	13	51	59
51	23	0	11	41	64
76	32	25	53	56	68
80	32	31	20	45	65
74	27	12	19	46	70
117	27	16	27	47	67
139	18	0	14	47	71
112	28	18	22	45	71
166	27	15	21	42	75
245	33	12	38	26	63
305	27	13	15	37	71
185	29	12	21	38	71
146	3	75	8	104	62
112	30	18	21	44	72
86	32	17	21	43	75
82	34	0	20	53	68
84	30	25	20	48	72
99	28	33	36	26	78
103	30	25	21	68	75
87	61	0	11	0	79
118	29	17	17	44	72
197	30	13	19	41	74
294	26	24	23	45	76
344	15	0	19	38	93
314	29	22	19	39	71
293	27	0	21	12	65
237	30	14	19	31	71
204	30	13	20	28	68
204	30	13	20	28	68
174	29	16	15	29	71
169	33	32	20	36	73
179	33	19	21	28	73
132	34	0	36	28	66
151	29	28	13	27	62
164	31	14	20	26	64
169	36	23	17	18	71
194	39	28	23	76	77
152	33	24	27	32	70
137	31	16	8	3	67
129	30	11	14	33	59
124	30	16	20	32	59
105	30	20	23	40	59
141	28	32	21	33	60
146	33	19	19	35	57
125	25	0	21	20	49
137	31	12	19	33	56
173	33	16	22	39	53
226	34	135	17	41	52
233	25	35	24	46	59
268	37	33	21	52	56
249	19	0	6	19	59
282	33	17	20	44	57
308	32	104	2	46	54
244	36	27	23	43	58
191	35	20	29	39	57
124	37	1	24	0	55
151	34	19	12	50	55
185	1	0	19	15	43
189	45	0	8	59	61
201	29	91	13	56	52
231	34	12	21	47	56
228	37	15	20	46	57
239	41	14	20	50	47
253	38	17	22	48	61
286	39	32	17	43	62
308	37	18	11	31	65
340	36	14	20	39	63
318	37	25	18	48	70
228	34	42	21	42	65
198	37	15	20	44	84
216	15	87	0	44	87
216	15	87	0	44	87
204	39	16	17	50	84
237	72	36	26	63	85
184	42	31	21	48	77
199	42	17	22	56	81
170	29	41	39	97	68
181	20	76	19	66	67
217	13	89	39	79	76
199	41	18	22	62	74
159	46	0	24	71	75
142	33	14	14	61	65
143	36	12	20	60	76
135	37	17	19	57	75
149	44	0	19	63	78
177	41	17	19	58	80
204	45	11	20	60	86
186	39	15	27	53	80
139	41	15	21	51	81
166	37	27	15	54	83
106	46	21	21	55	103
146	37	19	20	56	83
193	39	22	19	52	84
169	34	16	25	47	83
126	34	15	21	43	82
111	40	20	24	46	81
124	30	40	25	50	97
134	40	17	32	46	73
166	38	14	20	50	73
166	33	34	5	20	80
131	38	11	17	45	68
151	41	17	23	49	66
160	41	0	21	51	60
182	38	30	20	48	71
183	43	27	20	44	77
184	41	31	24	78	72
190	39	16	18	46	73
192	40	24	20	44	74
173	49	24	18	50	83
165	42	45	23	35	78
160	51	18	20	48	75
150	42	0	15	39	82
144	47	13	21	52	69
144	46	20	20	58	66
157	47	22	22	64	84
157	47	22	22	64	84
203	50	28	19	103	63
185	32	37	29	120	68
159	40	31	21	61	65
148	42	90	14	67	61
138	40	71	36	31	65
122	35	21	20	54	59
112	40	29	20	52	60
169	59	0	21	46	57
184	36	32	23	55	65
223	33	26	19	49	67
177	11	10	19	40	69
176	34	14	18	40	71
180	34	18	25	40	72
207	37	18	26	38	74
230	39	19	22	47	78
249	40	65	61	32	77
248	40	25	24	40	76
202	45	0	26	61	81
205	40	19	16	27	79
193	35	20	27	49	72
206	36	0	18	47	42
252	33	37	23	67	68
303	71	46	19	74	73
345	48	28	22	62	68
347	37	116	24	42	68
323	74	0	11	43	59
174	38	17	20	60	68
151	41	17	22	63	69
197	0	0	24	74	73
194	43	26	31	63	72
267	42	18	20	66	77
321	46	121	30	78	76
257	45	0	28	61	66
252	46	15	21	57	71
297	50	22	22	54	73
309	59	31	26	56	75
309	54	23	23	62	66
292	53	23	19	55	73
279	26	0	0	83	93
240	52	13	18	40	69
158	52	12	13	35	70
176	57	18	26	55	76
153	59	15	20	41	74
153	59	15	20	41	74
141	59	28	20	41	73
139	68	43	0	19	57
142	62	34	10	54	66
146	61	14	21	31	72
173	63	2	22	14	70
179	74	42	26	35	74
163	67	24	21	35	73
175	55	0	20	41	73
206	49	16	22	31	72
225	51	21	21	35	68
208	48	37	28	37	87
208	48	18	20	35	66
133	77	0	23	4	66
159	46	18	24	34	62
147	80	0	10	30	56
138	45	31	27	36	53
128	43	63	2	42	80
124	47	13	22	31	64
108	46	20	22	35	63
126	53	44	44	44	66
128	47	18	26	35	69
126	50	31	20	35	70
131	44	11	24	36	72
159	47	21	22	39	73
137	51	0	12	39	76
187	49	22	32	41	73
157	54	16	20	39	73
120	70	0	28	0	76
128	56	18	27	41	73
133	48	44	20	32	79
134	54	20	22	43	76
111	26	0	27	36	69
112	39	0	19	49	71
167	39	13	22	34	68
193	75	0	37	29	67
231	44	16	22	36	67
174	46	18	17	36	67
175	43	27	25	43	76
179	48	18	23	52	72
175	49	14	23	36	63
167	50	2	40	38	60
143	57	23	26	39	70
119	53	34	26	36	68
119	53	34	26	36	68
122	50	0	24	31	70
141	46	13	22	27	67
200	47	20	24	27	68
226	50	31	16	34	88
250	41	35	27	33	67
262	44	25	20	27	64
248	28	23	20	16	53
255	37	23	27	32	64
235	37	16	20	30	59
252	37	7	26	39	61
211	38	115	25	39	58
201	37	26	27	37	58
188	67	0	30	44	47
160	39	0	21	41	47
139	34	23	23	34	57
149	36	19	20	36	56
153	29	41	9	38	60
141	32	17	33	41	53
134	33	14	21	57	58
162	31	15	16	41	37
162	33	20	22	37	27
154	33	76	12	60	31
157	42	38	24	79	30
152	42	34	23	58	45
117	43	115	23	36	0
144	51	0	25	57	42
114	34	16	21	50	32
100	62	34	6	48	35
109	35	4	23	61	28
116	20	33	9	61	32
142	46	0	43	50	57
101	25	80	35	17	32
124	32	35	11	38	32
163	35	24	23	38	40
193	41	0	21	31	30
235	21	38	23	67	64
178	33	32	22	35	40
147	33	16	22	34	39
120	0	0	23	58	47
119	28	15	27	33	37
111	30	22	24	40	39
134	19	0	42	39	24
134	19	0	42	39	24
112	32	23	27	40	43
103	29	26	28	38	45
100	29	34	26	40	49
216	34	0	31	31	51
252	30	15	31	35	55
189	32	22	27	40	55
141	33	46	11	40	53
132	25	15	27	52	54
137	30	16	26	36	61
148	23	37	11	13	71
127	28	18	23	44	65
118	29	17	31	44	65
184	35	29	26	52	66
203	38	44	23	63	69
184	36	34	23	57	57
203	7	18	11	57	57
158	31	16	22	58	55
190	34	24	24	62	59
197	57	8	17	108	63
243	39	17	23	58	63
275	32	0	17	66	66
241	35	16	25	47	57
197	39	22	25	49	58
174	38	0	20	58	58
188	17	19	21	57	55
125	33	0	14	56	55
131	35	20	23	36	56
132	38	15	27	37	64
138	77	91	15	41	66
141	41	24	23	36	63
156	52	0	20	75	61
131	39	16	24	42	62
127	46	114	18	45	64
157	44	23	24	44	52
182	42	35	26	38	65
201	71	13	0	21	61
174	41	13	22	34	67
121	39	17	35	56	70
143	22	35	9	79	72
119	33	0	21	13	51
151	33	7	19	17	73
170	33	14	32	40	72
239	38	30	28	42	79
213	32	24	27	39	75
213	32	24	27	39	75
210	34	17	23	35	74
185	31	13	25	30	76
148	33	18	22	29	79
127	22	0	27	23	81
135	38	20	23	30	82
166	35	17	17	29	83
189	16	67	18	40	93
151	37	25	22	21	81
113	64	0	29	42	102
147	43	12	23	25	83
153	44	34	26	23	77
149	38	110	23	67	79
168	58	37	13	13	74
213	42	17	20	26	74
237	0	43	8	0	77
225	43	24	12	30	84
206	37	0	25	20	71
164	39	16	22	21	64
146	39	17	21	25	64
162	42	35	47	13	62
173	47	42	27	32	61
181	40	31	19	36	65
139	22	83	14	13	59
148	40	16	21	32	60
150	41	27	23	36	60
150	45	27	26	40	67
156	42	33	30	37	68
162	42	16	26	40	68
170	41	17	24	40	68
191	45	14	25	37	70
213	53	0	24	40	75
207	45	34	34	46	75
211	40	20	28	43	72
206	6	70	17	0	74
264	43	17	26	46	72
234	69	0	55	48	65
252	66	42	33	56	71
243	9	0	26	50	73
217	37	0	12	68	69
227	38	14	27	43	68
209	38	33	17	23	64
232	48	11	27	49	66
201	36	18	18	43	63
201	36	18	18	43	63
205	32	15	30	33	53
153	22	0	36	22	52
171	33	17	22	38	58
185	32	29	13	49	60
186	23	80	17	38	58
178	36	12	23	34	54
236	22	0	31	35	70
148	36	19	25	35	49
122	35	15	14	27	47
99	29	21	24	36	51
92	42	162	33	43	51
105	35	32	26	48	52
84	48	0	31	18	56
120	31	23	23	47	54
140	34	25	23	46	55
153	49	21	25	22	60
150	39	22	20	44	54
134	37	42	22	41	48
126	36	12	21	44	45
134	38	15	20	49	48
105	38	26	22	53	51
93	69	17	23	53	47
83	40	21	23	50	54
64	36	16	25	38	75
86	45	24	32	54	58
146	61	32	61	55	53
181	57	8	26	56	57
199	12	55	3	87	61
214	35	22	19	24	71
189	42	15	24	39	68
211	42	18	26	46	48
279	49	60	34	48	67
294	39	7	23	41	67
272	42	60	16	15	73
212	42	14	29	41	60
209	41	22	27	44	62
206	39	35	26	36	94
154	43	33	31	41	80
136	38	0	23	38	84
142	45	0	23	42	75
148	47	22	24	57	77
132	46	130	21	63	91
132	46	130	21	63	91
133	53	21	37	80	81
143	61	27	28	91	79
146	57	0	24	94	52
125	52	22	30	95	76
148	47	72	45	80	66
152	44	15	28	102	75
194	49	13	22	96	72
171	49	12	39	102	80
250	36	2	36	114	69
229	47	22	29	94	68
259	88	48	17	59	66
243	58	27	30	103	64
193	53	26	29	93	68
193	71	15	17	110	76
243	44	40	31	77	61
154	54	26	24	84	71
187	41	13	13	65	65
148	52	6	26	82	76
121	15	141	37	71	89
131	50	28	35	96	68
160	51	14	26	67	73
172	57	28	25	112	69
221	52	28	26	61	70
177	50	39	37	41	68
206	56	0	15	30	68
292	45	15	24	57	69
294	47	16	14	56	69
292	47	37	23	62	70
199	47	29	22	57	70
173	44	23	31	50	73
165	43	18	25	52	69
182	40	14	25	60	69
128	37	34	29	73	82
105	38	18	28	65	66
114	35	33	29	59	60
136	26	52	57	50	48
106	34	21	23	52	57
115	47	31	26	53	57
96	30	32	22	54	63
89	36	25	28	49	54
118	56	15	21	54	51
140	35	13	24	36	49
89	37	142	33	35	39
89	37	142	33	35	39
171	43	42	31	39	47
175	35	23	25	35	52
120	35	23	20	36	47
125	36	0	9	0	47
75	14	2	19	36	49
130	41	20	25	30	45
146	34	0	23	13	63
129	59	0	26	23	54
71	0	122	25	39	42
110	43	29	38	45	59
111	45	31	20	26	62
112	28	102	26	39	61
104	52	0	21	40	54
103	40	20	25	27	67
93	58	46	31	36	73
134	40	31	27	31	69
198	50	13	29	23	66
146	38	19	24	25	65
167	38	23	17	23	68
188	26	90	26	26	69
249	43	24	17	30	75
271	43	7	21	28	71
200	26	17	32	44	75
145	42	22	24	31	73
171	70	22	20	17	92
213	46	46	65	38	79
218	45	0	50	0	90
189	42	19	23	42	77
156	44	21	26	37	73
186	49	36	28	46	78
179	43	27	21	41	74
161	45	30	30	48	79
142	41	15	29	38	78
154	42	21	26	40	80
162	42	21	27	37	83
157	43	27	29	48	82
148	42	34	29	39	77
157	18	134	6	36	89
137	46	13	26	35	70
123	47	19	30	37	69
143	32	12	21	0	55
119	41	20	15	44	71
132	19	0	26	60	64
132	19	0	26	60	64
201	47	0	28	31	58
189	36	0	58	75	62
183	41	24	27	8	57
151	52	30	30	34	69
179	37	0	17	13	60
203	47	20	24	28	65
194	47	23	29	30	69
178	39	49	30	2	67
143	54	20	25	21	70
135	57	47	23	29	73
133	47	13	27	28	78
144	46	25	26	27	77
143	47	23	27	28	77
135	53	42	30	33	78
142	52	17	24	34	79
123	46	39	31	31	83
139	25	0	20	0	84
105	47	21	24	31	86
112	37	0	29	51	89
138	56	24	31	34	86
141	52	12	25	36	88
126	69	122	0	22	82
145	55	19	27	31	83
127	58	21	29	28	84
102	59	0	32	78	98
100	59	28	30	32	83
124	64	19	27	31	79
96	56	22	26	60	77
120	55	27	27	29	74
177	65	96	0	8	71
237	55	10	40	0	77
183	54	132	26	27	100
156	36	51	12	14	78
202	70	25	29	53	72
166	44	63	21	23	77
176	44	149	21	19	76
169	54	0	19	31	72
136	39	144	15	8	104
100	38	26	28	21	83
108	48	12	24	33	73
179	46	0	30	0	94
149	54	35	32	43	77
138	48	3	13	23	69
138	48	3	13	23	69
117	46	20	29	32	71
125	46	17	26	30	73
72	79	0	32	69	56
130	45	22	27	35	77
171	45	55	34	60	98
129	25	0	22	30	70
156	38	0	52	60	87
196	49	0	36	0	81
211	49	32	24	35	60
224	45	17	19	25	57
202	47	22	27	30	58
198	47	110	34	59	82
198	48	29	30	38	62
175	48	31	34	37	59
109	0	0	26	39	56
127	40	28	28	29	60
136	37	14	38	6	34
131	47	65	32	44	62
113	40	0	47	77	67
116	41	13	27	56	50
125	39	26	29	52	58
120	47	32	26	101	54
103	51	30	29	43	59
69	50	25	28	41	58
56	39	12	20	33	40
95	54	18	19	29	54
94	49	8	30	39	57
129	58	17	26	38	53
173	43	136	0	4	55
184	57	16	21	35	49
183	64	148	43	57	43
121	56	31	28	43	48
118	54	52	26	46	46
118	54	81	16	19	34
113	50	26	44	23	38
116	50	18	25	45	40
128	51	36	42	93	43
120	51	32	26	46	37
119	57	19	24	43	40
122	52	16	23	41	37
119	56	18	24	43	39
158	57	61	16	49	51
186	61	20	29	48	41
186	61	20	29	48	41
196	62	22	24	42	41
172	65	0	0	94	47
187	89	53	26	48	45
158	56	26	23	52	69
211	69	75	29	47	48
269	74	14	23	43	37
263	49	48	40	58	44
292	63	20	24	39	45
273	69	127	20	41	43
292	70	49	13	42	47
272	69	26	27	45	48
245	74	70	32	55	55
301	63	17	27	43	55
311	66	19	22	45	56
340	69	54	29	53	49
346	69	31	26	48	63
320	66	31	29	44	56
296	64	20	32	48	60
219	66	23	23	41	53
219	99	30	18	75	44
229	65	32	27	46	50
170	73	38	18	43	48
180	63	0	0	85	50
241	66	33	25	46	52
221	87	23	24	36	53
282	48	38	13	85	76
255	61	57	3	42	36
246	60	3	22	40	45
219	57	28	25	41	54
168	46	38	31	16	55
147	62	47	33	40	55
121	63	32	31	43	57
123	55	18	23	43	53
143	56	23	25	41	55
163	82	0	0	0	77
194	61	98	30	49	66
198	54	48	45	42	58
199	55	12	28	39	59
141	12	118	10	47	67
136	54	29	29	43	57
139	59	41	33	43	61
141	46	24	28	65	63
147	26	23	35	24	64
147	26	23	35	24	64
105	57	15	27	56	54
92	61	24	28	41	58
90	56	22	26	66	57
91	27	16	22	44	32
83	59	17	20	59	56
95	81	23	27	63	33
112	64	35	22	61	61
89	27	46	29	101	58
114	48	0	21	53	53
131	54	14	28	51	57
159	63	50	31	28	60
194	59	29	25	54	63
167	58	34	24	56	56
131	54	15	27	57	53
127	54	18	25	51	51
61	41	0	34	74	51
117	56	19	26	52	54
158	72	123	43	41	44
157	63	0	21	61	50
135	77	16	29	54	57
118	71	32	17	71	53
195	73	26	28	60	58
175	69	0	17	66	27
200	63	28	30	53	63
143	61	19	26	55	55
137	62	45	28	60	54
118	58	40	27	75	59
105	56	39	23	64	58
120	55	74	18	50	57
116	56	21	28	61	59
135	53	32	28	60	60
142	59	63	27	58	64
106	57	22	24	51	61
140	56	0	34	60	63
157	60	18	26	38	62
148	63	30	24	40	62
160	67	54	30	42	43
109	68	23	26	40	65
103	62	111	24	23	68
90	76	15	49	77	68
101	66	23	27	40	65
131	66	52	42	0	93
132	68	42	54	44	57
132	68	42	54	44	57
152	50	0	13	85	59
121	45	26	28	48	80
107	55	20	26	46	66
106	58	26	14	46	70
188	40	54	30	54	69
141	54	30	24	41	69
126	52	4	26	27	67
125	48	16	27	39	68
128	68	27	37	18	69
127	48	22	29	39	66
142	54	29	21	38	65
145	69	38	23	18	56
188	55	17	27	35	64
245	87	0	24	0	70
241	61	38	34	39	73
165	93	150	23	68	87
167	50	33	32	15	70
156	60	15	28	30	69
147	56	47	48	82	59
130	58	44	32	40	69
126	55	26	37	28	65
115	43	0	29	50	54
133	56	17	29	25	62
169	66	24	33	31	61
119	63	35	32	33	58
111	62	22	28	31	59
240	56	122	27	52	65
307	63	17	29	29	61
356	61	23	29	32	67
278	75	26	18	51	66
