concentration_1	concentration_2	concentration_3	concentration_4	concentration_5	concentration_6
0	0	0	0	0	0
4	30	34	18	22	28
8	6	3	5	2	39
81	43	167	7	27	32
19	17	23	20	15	29
0	14	112	21	18	27
12	0	17	17	11	19
13	40	23	18	17	26
13	40	23	18	17	26
19	11	22	40	20	25
16	21	31	19	22	16
55	0	71	3	19	30
18	18	11	15	15	31
19	18	10	15	15	29
63	50	36	40	15	26
32	23	21	13	19	30
19	18	27	16	14	31
8	6	27	8	0	21
0	3	0	18	18	26
19	21	23	15	15	39
27	32	99	22	20	44
30	28	0	8	1	31
0	16	21	17	17	31
23	22	24	17	22	36
19	17	26	18	18	37
67	0	70	12	21	35
17	17	13	13	16	34
25	21	13	15	20	29
19	42	43	17	29	28
18	22	14	16	17	28
0	0	0	5	28	25
18	16	9	15	15	26
25	13	83	21	26	32
19	18	18	17	16	33
24	18	17	18	16	28
20	19	89	11	47	22
16	17	17	19	15	27
24	19	20	21	17	29
23	24	41	11	21	29
18	16	27	23	19	26
0	13	25	31	15	25
18	15	12	16	12	28
19	17	23	14	18	25
23	14	92	21	21	20
22	21	21	20	16	27
53	3	8	18	15	30
20	2	0	18	1	36
33	58	40	24	24	31
24	24	31	18	20	31
23	15	26	23	16	35
49	40	0	12	11	35
27	15	16	20	15	27
2	18	75	19	21	29
19	19	18	21	22	32
19	19	18	21	22	32
49	22	19	18	23	29
6	26	26	0	62	14
65	18	41	15	15	30
13	17	0	15	60	28
22	18	40	22	24	31
49	32	22	33	14	29
19	20	0	24	4	27
17	20	21	21	17	29
27	42	3	20	20	37
19	18	20	23	15	28
16	18	34	20	36	24
16	20	17	18	15	33
15	21	120	16	58	32
23	11	14	23	54	25
18	20	21	18	22	30
8	26	0	24	52	47
16	18	16	16	18	27
23	22	109	24	24	38
24	22	0	22	18	29
21	21	19	14	19	33
10	12	47	10	15	42
17	20	14	24	13	31
32	19	31	22	25	39
20	24	27	23	19	43
16	25	24	23	22	39
37	22	37	19	35	29
20	24	20	22	18	29
24	30	120	14	0	24
46	56	31	26	21	33
31	23	0	0	81	46
29	22	18	25	16	28
8	0	34	49	0	30
29	55	71	25	0	50
16	24	13	22	16	33
21	23	18	21	16	31
23	23	33	22	17	36
50	21	4	23	17	31
0	39	6	12	0	32
32	13	30	35	27	36
25	27	20	21	17	34
33	18	0	17	9	17
1	0	0	20	56	33
21	24	30	23	19	39
11	33	0	17	6	52
0	0	0	0	0	46
16	10	106	27	46	43
21	21	0	33	53	46
21	21	0	33	53	46
61	15	111	26	11	44
8	31	36	25	48	51
22	23	19	24	26	47
19	24	13	22	22	46
20	25	22	26	22	41
84	29	21	19	19	41
36	15	114	21	64	39
22	18	0	33	43	46
21	23	26	25	23	42
20	24	28	27	30	44
19	25	19	29	21	43
39	16	55	23	29	49
24	23	26	24	19	47
21	24	24	13	21	39
21	24	27	23	27	41
0	27	0	19	51	50
24	24	21	25	19	43
15	29	2	32	0	39
18	27	0	0	50	33
19	20	22	22	22	42
20	23	26	23	22	48
24	26	24	25	23	52
19	22	33	26	25	46
55	43	0	29	9	50
14	54	0	48	66	49
19	28	41	17	10	39
21	23	24	30	25	43
48	17	60	29	23	38
18	23	19	30	22	42
20	25	17	25	21	41
71	14	125	32	25	46
33	30	0	44	0	49
4	30	46	36	23	47
16	23	22	15	20	47
24	24	18	28	21	44
0	29	97	10	71	44
28	27	32	25	21	44
6	56	89	28	30	50
8	23	0	30	17	37
17	25	40	13	23	44
15	24	38	27	29	43
26	24	27	27	26	45
27	27	45	21	20	52
0	27	0	14	0	45
7	50	0	27	22	42
7	50	0	27	22	42
36	23	22	28	23	40
53	71	0	59	33	38
55	3	26	15	21	32
0	1	3	27	17	47
25	24	27	27	27	43
21	24	36	24	23	40
20	28	25	26	27	42
20	24	16	25	20	38
20	25	19	24	20	42
29	33	0	56	21	33
24	26	20	27	24	45
66	13	49	31	63	41
21	25	24	19	22	40
24	28	34	25	22	40
29	17	45	30	57	39
23	23	36	28	21	42
15	13	110	22	63	47
24	40	35	31	42	58
21	24	25	27	21	36
10	62	0	33	0	28
29	25	39	27	21	30
13	15	0	27	0	39
60	24	21	26	19	39
25	23	19	27	23	39
34	15	27	24	28	40
22	25	32	30	24	41
30	24	33	35	21	42
20	24	19	22	19	41
25	24	24	32	22	45
40	28	108	31	30	58
35	24	32	36	29	43
26	28	24	28	21	42
31	23	44	0	22	48
26	22	23	29	19	50
25	0	0	51	0	50
28	28	30	30	30	44
45	26	3	27	27	29
20	24	19	31	20	44
31	24	17	31	22	44
24	41	23	35	26	40
23	24	27	36	20	49
34	27	32	32	23	49
21	27	16	31	21	46
33	24	23	30	20	45
53	24	0	5	32	47
53	24	0	5	32	47
29	26	27	35	26	50
36	27	2	24	12	52
19	23	21	25	23	49
29	22	2	36	48	32
25	28	29	29	10	47
29	26	21	27	23	51
21	25	27	26	21	43
21	26	27	28	22	41
31	45	0	57	57	30
26	20	38	21	28	41
21	27	32	32	11	38
21	25	27	27	23	41
40	23	135	16	23	40
10	56	7	28	15	39
23	56	103	65	10	42
22	26	19	33	23	43
42	25	26	28	22	50
82	29	122	54	33	45
10	22	87	50	15	29
34	16	0	40	21	37
28	28	28	27	23	41
31	30	22	26	26	38
27	33	24	26	24	30
15	13	0	35	27	38
25	35	0	25	25	38
24	30	35	27	25	40
23	12	15	20	8	42
24	30	25	32	26	43
27	30	17	32	21	47
25	29	36	28	27	49
93	22	0	22	28	64
25	27	25	27	24	51
20	28	4	25	31	62
0	0	146	8	0	65
23	28	24	30	23	41
3	29	32	27	6	62
4	22	35	59	26	55
22	27	19	38	32	45
24	28	20	33	27	41
33	29	47	35	34	44
68	37	22	32	27	41
45	11	11	32	17	56
30	37	59	61	22	38
37	72	37	26	17	38
25	28	25	31	26	45
25	28	25	31	26	45
24	24	19	29	25	51
25	27	31	31	26	51
24	28	25	31	32	50
22	30	32	33	31	50
22	28	44	32	12	52
23	28	28	31	25	45
36	37	29	33	29	47
26	29	31	30	24	54
45	37	0	32	41	44
9	58	100	36	0	41
23	34	41	30	13	44
25	31	26	32	29	50
25	28	20	30	27	44
29	24	33	29	29	46
58	33	4	30	19	51
16	34	0	66	0	69
24	29	22	26	23	52
7	57	20	35	16	54
23	27	40	33	24	48
66	40	4	33	22	36
28	27	23	30	25	43
33	13	101	32	33	44
25	28	28	32	28	45
29	21	22	29	30	37
22	27	29	27	27	42
20	59	83	40	14	21
56	29	3	36	32	42
51	29	27	34	24	42
21	27	21	34	26	48
47	47	31	35	23	52
26	28	26	31	27	52
0	2	59	27	18	46
38	26	22	28	24	48
32	38	50	30	54	44
24	30	40	36	31	46
51	29	42	26	49	48
25	28	22	37	25	41
29	34	33	38	38	49
30	33	24	32	39	54
32	56	20	32	11	50
23	32	38	36	0	47
23	30	30	32	30	49
29	28	31	32	32	49
24	19	42	31	28	48
50	24	33	26	40	51
50	24	33	26	40	51
36	28	24	31	28	49
27	51	25	48	30	42
25	32	31	27	29	52
0	30	2	25	10	52
23	28	26	32	25	54
61	50	0	31	40	38
57	24	29	33	31	51
51	31	34	36	8	53
24	27	25	32	27	49
14	33	32	35	30	48
32	29	31	36	29	51
0	26	32	33	31	51
24	27	27	34	25	49
10	32	23	36	25	49
21	34	39	30	10	51
56	33	42	14	30	48
32	34	22	25	44	47
23	28	25	33	25	46
26	33	23	31	30	61
37	22	46	33	5	57
34	15	0	29	28	51
25	28	28	32	25	55
37	41	121	27	34	68
24	37	24	36	25	50
0	32	126	11	51	58
51	16	0	21	21	44
28	30	23	31	32	52
36	38	123	31	20	57
28	31	28	31	28	56
55	51	14	38	33	55
28	29	35	32	28	57
32	29	36	34	28	56
36	33	31	30	28	56
21	42	23	29	7	45
29	28	34	25	29	51
31	32	30	30	31	55
54	0	0	35	25	63
25	31	21	31	24	54
34	33	24	23	29	52
34	30	28	30	29	52
26	15	27	35	24	51
28	16	10	23	12	58
26	0	0	29	21	64
31	34	33	33	27	60
50	38	0	53	27	62
50	38	0	53	27	62
30	29	35	31	28	56
39	20	8	31	29	55
33	35	31	30	27	54
29	27	28	36	26	48
28	31	27	31	26	50
31	32	29	31	31	60
23	33	35	34	40	56
15	40	100	26	26	50
29	30	26	33	27	49
43	15	54	36	63	49
32	29	32	35	34	56
26	29	75	33	75	50
41	33	26	33	28	56
34	50	20	34	24	60
34	32	44	32	29	80
17	41	0	25	19	50
29	27	27	36	26	52
82	15	0	36	28	54
28	37	32	32	30	43
21	14	0	24	23	45
36	29	24	34	28	49
38	21	47	23	32	54
27	35	29	34	30	51
49	44	12	32	56	55
0	42	0	42	0	54
38	29	29	38	30	62
59	20	79	42	2	47
35	28	31	39	28	54
39	29	48	36	23	55
31	30	27	38	31	54
22	19	91	36	42	49
30	28	20	36	29	54
27	31	109	38	17	64
38	29	47	35	28	53
30	47	39	60	70	52
31	28	25	37	29	53
30	19	29	35	33	70
36	34	29	37	33	58
0	43	32	32	34	41
28	30	22	34	28	52
77	56	0	32	37	65
35	32	27	35	32	58
25	35	0	18	18	54
32	29	29	35	27	54
0	33	23	41	55	47
0	33	23	41	55	47
26	33	19	39	37	53
13	31	27	28	24	61
27	28	28	33	30	52
43	49	19	39	32	49
28	33	34	39	34	53
28	32	30	35	27	50
27	28	26	37	26	53
33	33	28	38	32	56
35	32	9	33	35	52
0	35	0	35	16	46
29	32	22	34	29	58
26	32	25	32	31	58
30	57	48	40	38	61
32	33	29	34	36	56
32	20	0	56	43	63
29	27	28	40	32	57
39	15	66	34	13	60
37	29	43	40	28	55
0	65	44	39	15	50
31	35	47	32	22	50
32	29	22	35	28	48
29	31	40	33	81	38
31	35	40	35	33	51
31	28	7	39	32	53
27	31	23	30	27	50
39	30	18	31	30	53
40	62	34	39	32	61
31	31	31	39	29	61
22	22	59	18	12	76
26	30	24	40	33	57
0	0	68	22	28	55
34	30	33	40	29	55
42	33	25	44	29	52
27	29	22	39	28	49
33	30	30	38	30	52
76	34	0	37	0	78
41	43	100	39	29	54
11	35	0	47	25	47
31	32	18	41	32	54
42	39	47	32	76	62
46	37	33	43	21	64
35	35	28	40	27	64
33	33	17	29	30	60
28	29	25	35	30	59
25	24	0	42	33	66
25	24	0	42	33	66
32	31	31	37	30	61
18	47	113	64	27	54
53	27	79	37	48	58
13	26	25	42	40	57
28	72	35	58	20	76
35	35	41	44	38	57
17	47	45	41	42	56
36	31	21	32	31	55
31	30	34	36	31	52
46	72	47	41	39	48
39	33	29	37	30	56
56	23	129	32	13	48
45	30	23	32	29	51
70	32	30	32	31	53
53	26	7	55	27	55
32	35	23	39	36	47
23	22	0	38	21	63
28	29	22	39	29	62
19	40	23	40	43	64
31	32	43	39	31	58
36	15	35	37	27	55
27	29	28	39	29	56
70	36	40	42	52	58
22	34	36	39	30	58
0	60	10	46	29	61
34	16	70	54	31	55
32	28	25	43	29	53
36	25	52	43	36	61
40	29	41	45	29	61
14	38	29	38	0	53
31	32	34	39	32	56
32	38	57	42	41	72
39	41	0	39	38	57
17	54	12	33	68	54
31	30	29	39	30	55
29	37	29	35	37	58
35	32	30	34	31	58
52	38	0	31	36	58
6	51	97	31	3	55
31	32	38	38	29	56
40	31	47	32	58	61
37	28	39	41	32	56
32	31	27	27	30	54
29	34	28	41	28	61
41	29	4	47	41	67
41	29	4	47	41	67
84	16	145	37	35	62
53	36	72	40	55	61
29	31	22	38	29	56
53	30	14	50	26	56
68	32	65	46	31	56
35	39	45	39	30	54
43	31	28	40	30	54
31	33	35	45	30	55
28	31	31	48	77	51
34	32	31	40	31	56
60	38	0	34	34	29
31	32	32	43	31	55
39	45	89	43	26	58
36	36	60	45	38	62
34	32	45	41	30	62
29	28	20	38	32	57
35	29	34	40	32	60
64	56	32	31	0	57
37	33	34	41	34	66
48	17	43	13	42	65
34	32	25	35	27	59
86	7	33	69	15	55
42	35	1	59	25	60
32	34	31	42	35	56
34	39	30	44	27	63
35	32	23	39	32	56
40	33	46	42	29	55
38	36	42	41	37	83
41	37	28	40	33	61
5	48	0	39	33	65
36	34	38	41	34	59
50	35	46	31	0	46
47	42	55	47	43	66
7	71	88	19	12	56
61	46	19	47	65	60
35	33	20	41	31	64
110	33	34	45	45	68
46	38	0	45	35	58
39	29	33	41	32	57
14	17	102	60	37	57
33	34	27	43	32	58
31	31	32	42	30	58
50	38	97	46	90	62
40	33	42	40	35	66
35	34	36	38	34	61
35	34	36	38	34	61
31	39	32	39	41	59
86	30	29	41	29	60
34	35	48	43	32	58
37	30	30	35	37	65
34	33	40	49	33	64
42	44	0	41	43	67
32	36	25	42	34	62
0	0	22	63	36	62
50	43	51	60	73	66
24	37	0	48	40	66
30	33	30	49	34	68
33	33	33	41	35	58
39	38	41	44	55	61
35	38	37	49	39	59
96	0	85	40	31	54
77	34	34	43	34	55
61	44	0	43	42	33
37	55	38	73	75	54
50	43	29	11	41	57
33	32	25	43	35	52
37	33	31	45	33	54
36	38	58	45	35	59
33	34	35	38	36	57
43	37	33	45	64	59
63	43	28	44	22	67
33	27	79	43	44	65
42	29	31	44	36	62
32	30	27	47	34	56
35	32	26	46	32	56
36	32	36	43	26	74
36	28	45	42	24	59
56	30	104	44	46	54
34	29	33	43	34	57
45	35	63	43	38	67
36	34	45	46	35	56
75	66	16	34	0	76
37	31	39	42	35	54
82	34	28	42	67	54
42	34	48	46	41	56
59	29	4	31	29	57
33	31	38	40	34	59
36	16	16	41	45	62
0	35	36	43	36	60
54	26	0	50	19	47
54	26	0	50	19	47
36	35	31	43	35	59
36	36	46	44	40	56
34	34	45	41	39	56
66	27	5	37	34	53
95	0	164	63	35	53
87	38	57	48	38	74
37	37	37	42	35	56
40	32	3	41	27	48
39	37	38	42	37	59
44	12	87	22	32	75
39	34	32	44	42	57
28	0	14	63	15	55
31	35	34	43	34	60
41	57	49	43	43	65
39	36	58	45	38	67
38	36	39	42	39	68
38	36	26	39	38	71
38	35	32	37	33	63
84	53	11	57	33	58
38	37	52	37	36	63
45	36	73	44	34	61
28	20	0	37	60	56
39	31	31	47	37	58
92	12	20	53	51	82
97	43	51	72	53	62
32	59	129	65	77	57
22	28	38	62	48	64
44	22	0	61	26	41
42	13	134	48	71	52
41	23	73	43	0	48
47	39	50	42	45	63
78	24	107	37	21	52
56	28	85	49	29	64
36	33	34	46	41	66
44	61	0	61	84	80
47	41	39	41	48	67
39	35	36	46	33	62
46	25	36	50	62	60
37	36	40	48	33	66
92	35	34	45	35	64
39	26	18	47	38	63
37	71	62	77	42	69
51	36	36	46	34	64
0	31	0	48	37	62
33	35	38	45	37	63
33	35	38	45	37	63
92	0	0	38	24	50
41	35	35	45	42	64
73	33	37	57	22	60
35	43	33	44	27	73
39	37	37	47	38	71
38	35	0	58	38	71
103	34	19	50	46	66
47	54	32	54	68	64
27	29	81	46	30	57
34	33	33	44	37	69
87	44	128	43	45	59
47	34	5	41	42	67
34	34	38	50	37	65
44	31	0	38	38	60
36	32	26	50	37	72
35	40	31	42	40	72
45	36	40	53	34	66
39	34	36	49	42	70
44	41	5	52	21	46
43	35	32	52	37	66
91	16	0	39	0	66
44	36	39	49	43	72
20	50	101	41	22	74
37	34	28	51	39	65
38	37	37	45	41	64
50	40	31	45	46	68
37	38	46	52	34	65
51	46	38	43	12	47
45	36	36	45	37	62
40	61	0	71	0	79
44	35	31	47	41	63
14	22	0	40	15	65
43	37	33	48	35	65
89	16	29	51	81	82
42	38	41	49	42	60
47	27	13	46	38	60
63	9	39	56	13	73
0	30	32	67	66	87
68	38	55	51	45	69
46	39	34	50	37	65
38	34	27	50	39	70
37	37	33	50	39	69
63	55	37	51	46	85
48	37	38	52	37	70
17	52	45	49	43	52
17	52	45	49	43	52
41	41	44	48	31	61
57	0	36	34	54	81
48	43	56	53	41	60
36	39	49	50	38	62
35	38	31	46	35	64
41	37	35	48	36	64
42	33	26	46	38	64
50	34	26	54	38	62
57	22	0	45	16	59
37	36	31	44	36	62
70	28	105	57	22	65
46	36	39	51	40	68
52	35	30	58	40	69
33	37	30	52	35	67
0	68	142	63	43	68
35	40	84	47	45	65
49	41	0	48	51	50
36	40	27	47	34	64
41	38	43	46	38	61
42	44	41	49	33	62
39	55	36	50	36	63
39	26	0	49	42	60
35	30	117	43	0	80
45	42	56	54	12	66
43	39	33	52	36	61
41	36	27	46	37	63
43	37	38	47	37	67
33	39	35	48	39	67
0	29	60	49	31	68
42	41	23	27	41	80
38	41	30	46	39	67
38	48	4	50	46	59
55	43	17	45	42	75
63	26	0	42	16	67
26	37	56	43	68	69
47	28	40	50	42	69
50	40	43	48	37	75
48	38	40	47	35	74
21	42	26	51	38	72
43	42	33	50	41	68
33	39	23	46	73	72
50	28	22	58	45	59
38	40	29	45	36	74
46	32	46	50	47	76
41	42	48	50	39	70
41	42	48	50	39	70
16	67	20	19	29	63
44	41	36	52	39	69
47	51	0	56	79	48
39	39	41	49	38	70
64	43	0	58	7	78
44	36	41	50	37	70
47	37	63	56	39	66
42	37	46	48	39	68
62	23	23	50	32	60
43	40	30	53	36	66
38	40	33	51	20	70
61	43	157	80	33	73
49	36	40	54	39	69
78	13	21	55	32	68
40	36	34	42	38	68
34	42	4	57	25	74
47	38	36	49	38	70
43	41	86	41	0	93
41	42	39	51	37	82
46	80	64	35	33	80
49	47	44	53	28	63
52	40	38	50	39	78
57	35	109	39	40	72
45	41	34	46	40	68
42	40	29	47	36	67
84	66	58	52	46	75
45	44	44	50	47	72
41	41	36	47	43	69
38	44	41	50	34	80
41	40	30	53	35	71
46	38	37	53	39	71
50	35	117	55	42	68
44	46	38	48	42	68
39	40	35	55	43	73
39	39	49	55	44	60
41	36	31	49	41	66
41	39	47	49	39	68
60	29	157	46	82	60
48	42	37	51	42	63
57	42	37	49	38	68
40	33	32	50	45	70
42	36	36	49	38	68
34	32	0	49	48	66
47	37	43	51	40	67
47	37	43	51	40	67
34	45	37	51	38	72
51	39	33	50	48	53
40	37	41	50	38	69
11	31	7	38	39	70
47	42	53	54	49	81
50	40	39	45	35	75
65	48	22	67	49	78
48	58	0	51	22	79
96	48	143	77	46	44
69	39	42	49	31	79
58	47	46	54	37	75
46	31	0	29	48	86
28	60	9	39	54	81
43	38	33	53	39	69
73	47	39	46	39	60
56	40	59	38	16	68
45	42	52	45	40	67
28	31	0	51	51	56
44	39	33	51	41	67
73	35	50	52	36	65
46	42	42	55	45	83
63	43	41	53	40	69
31	10	64	43	50	64
44	39	32	46	42	71
42	45	38	53	39	66
87	40	36	54	37	71
44	43	52	54	38	72
0	30	98	22	43	72
43	42	12	54	67	71
22	65	54	79	37	79
49	52	49	52	44	65
50	46	41	55	41	65
68	40	3	49	52	81
44	41	32	53	39	69
49	43	32	53	43	72
167	50	42	56	37	68
49	41	36	53	43	69
55	22	54	63	50	69
37	41	34	50	41	74
53	45	41	53	41	75
50	46	37	51	38	73
66	46	34	53	43	78
72	49	23	50	59	77
40	41	32	49	39	78
30	47	12	52	41	77
30	47	12	52	41	77
45	48	45	54	39	76
49	39	68	54	49	84
77	47	34	49	40	78
54	80	1	82	81	87
49	50	50	60	49	77
34	52	67	48	38	68
41	43	33	54	40	70
0	31	105	91	1	70
46	46	36	53	39	72
39	37	0	57	34	81
40	42	33	54	40	69
50	46	89	57	47	72
50	41	37	54	37	71
40	51	4	47	0	51
0	83	47	73	49	74
50	42	45	56	50	76
0	48	21	54	39	59
40	45	33	48	40	68
22	66	0	43	32	54
42	43	42	44	42	77
27	29	0	45	56	72
46	41	39	42	39	74
46	42	26	54	50	68
32	53	51	43	35	80
45	55	101	66	40	83
39	38	34	53	37	70
50	42	61	57	20	93
50	41	36	53	38	72
92	6	123	60	50	54
44	41	43	56	42	72
60	33	0	57	65	85
42	37	42	57	40	72
65	12	37	52	43	63
45	44	41	55	39	74
0	38	115	53	23	65
48	43	34	56	42	72
49	32	38	48	30	60
44	36	35	54	37	77
53	42	56	58	50	98
53	43	42	58	41	78
49	15	41	68	83	72
45	41	39	57	41	74
62	30	74	54	0	74
43	43	52	57	40	72
34	36	62	47	20	66
34	36	62	47	20	66
42	42	29	54	39	77
14	18	135	78	28	88
48	44	35	51	42	84
46	43	54	48	15	76
63	46	11	49	50	78
0	29	49	54	86	91
48	47	53	59	61	85
50	44	38	57	40	81
47	40	29	54	40	77
43	39	34	56	42	73
48	39	41	58	55	78
45	38	44	52	42	74
66	21	0	55	14	69
55	36	35	56	39	80
41	41	19	58	36	93
61	42	55	62	49	82
45	42	34	56	43	81
46	36	34	50	22	80
46	36	31	53	40	79
52	29	82	64	38	80
46	38	47	55	46	79
44	40	37	49	41	77
98	41	103	59	90	87
47	39	35	55	39	74
47	39	42	52	41	74
95	35	0	93	97	71
49	43	39	56	38	75
44	0	93	51	91	70
74	50	9	50	8	76
52	52	30	53	9	74
52	49	59	52	44	79
48	46	34	55	40	81
74	33	0	48	58	85
45	41	33	54	38	76
131	41	35	48	41	72
94	75	153	55	43	74
50	44	45	57	42	76
45	42	52	55	38	80
45	37	39	55	41	81
46	39	32	54	41	82
97	48	5	59	46	81
50	46	42	57	42	76
79	37	12	54	41	82
48	33	34	52	31	78
48	33	34	52	31	78
47	44	39	55	41	73
38	37	73	75	39	85
61	38	48	77	53	89
43	34	35	83	71	58
75	66	34	50	62	63
44	41	33	56	42	75
70	50	43	91	92	74
52	48	39	57	43	74
95	53	53	56	42	71
49	43	35	55	39	75
54	43	42	56	79	76
53	44	40	57	42	95
60	41	137	31	37	82
24	35	0	55	48	83
49	43	36	65	40	82
50	59	18	57	41	84
56	49	54	57	44	81
17	43	43	59	23	81
46	46	34	62	42	81
31	47	40	39	47	86
59	47	51	52	43	75
39	45	0	59	29	67
41	42	37	56	39	74
45	46	125	59	70	53
51	48	39	56	44	81
68	25	110	62	29	67
38	41	34	48	57	65
2	12	128	61	42	90
36	60	41	58	23	75
43	45	46	57	42	74
55	44	37	53	37	73
49	45	42	54	41	72
44	46	32	50	40	90
93	44	0	65	43	80
46	41	45	54	41	87
51	42	41	63	43	80
185	43	43	59	72	83
59	44	39	59	43	80
42	51	34	56	51	80
31	31	48	62	47	81
106	48	52	60	41	80
47	38	48	60	45	78
44	29	36	53	28	77
44	40	34	60	41	78
5	43	20	65	23	97
5	43	20	65	23	97
47	41	49	61	43	78
65	42	47	61	49	72
47	36	29	60	40	75
38	39	55	65	46	80
50	37	36	54	45	79
56	34	22	61	29	80
46	43	44	63	43	76
46	43	25	61	62	91
50	43	41	62	47	77
41	38	15	56	22	74
48	36	45	62	42	80
0	45	83	63	49	82
50	37	44	60	43	81
35	43	74	70	64	96
63	38	38	65	41	80
62	38	51	56	93	81
47	44	43	63	46	84
48	54	42	46	43	84
45	42	32	57	45	82
41	57	121	56	41	84
39	47	35	62	39	81
51	48	39	57	49	79
29	42	22	55	16	75
43	44	32	55	42	77
85	49	160	65	49	76
49	47	47	66	20	90
56	30	34	63	49	76
44	44	37	59	42	78
58	48	44	56	57	80
55	42	47	60	55	80
73	39	107	82	33	76
37	38	30	55	34	79
51	42	29	56	45	80
45	45	9	59	47	86
53	44	41	64	43	78
0	38	103	47	39	85
46	43	33	50	45	82
40	71	17	46	47	101
103	36	51	61	40	76
52	43	51	58	43	76
76	42	38	52	43	91
50	37	39	57	42	75
97	38	45	55	51	76
64	45	36	57	47	95
64	45	36	57	47	95
52	44	46	59	46	76
45	40	39	57	41	76
56	39	40	59	44	86
66	77	159	56	69	89
50	42	45	61	43	79
0	42	49	46	29	78
38	50	0	69	29	73
58	62	10	83	93	55
56	43	25	42	36	81
51	39	46	57	45	84
35	55	33	57	26	81
44	40	42	56	45	76
56	46	51	59	44	82
56	41	65	85	51	94
55	41	44	54	42	82
113	45	53	52	0	73
48	41	33	58	45	83
72	43	47	56	47	84
51	40	43	60	46	83
104	41	43	58	44	80
71	48	34	74	30	76
26	26	112	64	44	74
50	41	42	60	44	78
34	55	33	76	44	76
54	28	42	64	71	78
90	76	54	93	50	81
47	42	74	65	36	75
45	41	37	62	43	75
48	45	47	61	41	73
61	31	56	67	48	78
49	42	43	69	46	76
47	40	40	66	42	78
51	42	43	65	43	75
45	45	53	86	28	90
56	44	40	61	44	80
71	35	165	56	97	67
80	67	31	50	34	85
0	75	28	63	39	77
73	53	65	61	41	75
56	44	45	60	43	84
47	40	35	64	41	84
52	40	45	59	45	83
56	33	32	60	45	83
40	44	25	62	46	79
69	32	94	55	67	89
69	32	94	55	67	89
52	42	36	60	41	80
40	44	52	64	52	95
51	45	45	64	42	76
45	44	85	57	31	72
50	43	47	63	47	77
44	48	110	76	48	75
54	45	58	60	47	79
39	56	25	57	30	77
59	41	37	58	46	74
105	44	61	59	56	81
55	48	39	53	44	81
63	28	14	58	43	80
44	33	0	48	39	88
50	46	37	60	53	85
51	47	55	58	47	82
37	41	42	57	49	83
52	42	41	61	44	81
42	53	161	68	43	81
43	40	50	63	46	84
36	47	41	59	43	82
34	15	47	67	37	88
51	45	44	64	43	80
150	52	147	66	53	85
56	45	53	68	50	84
58	45	50	65	49	79
46	43	40	59	43	79
51	35	36	66	79	77
79	39	57	73	26	79
75	11	109	60	86	75
43	59	86	56	44	80
48	44	44	64	42	78
56	53	66	68	49	83
51	44	49	67	49	80
66	26	31	58	45	95
52	44	48	57	45	80
56	48	47	61	50	77
54	46	43	63	42	83
22	23	12	63	33	71
51	44	38	63	45	84
91	36	107	43	0	97
55	52	44	57	48	81
50	76	36	52	23	87
52	49	54	58	44	75
64	73	62	86	79	83
64	73	62	86	79	83
41	55	60	63	40	81
58	43	43	60	50	81
51	44	52	61	45	73
49	44	43	62	46	82
58	18	53	81	55	78
55	43	56	54	44	82
91	16	43	80	81	70
52	58	0	63	26	66
82	37	102	75	0	60
64	49	68	63	91	81
58	46	43	65	52	85
35	63	70	48	49	93
53	42	39	62	49	87
91	46	58	61	53	88
59	46	44	62	51	86
62	42	43	59	50	90
51	49	12	65	0	66
57	43	46	62	44	89
93	37	90	55	54	94
59	49	21	63	46	86
55	46	46	63	47	83
39	62	52	79	45	69
14	44	0	67	52	86
39	56	48	63	51	90
80	44	55	59	42	93
72	61	22	63	48	88
55	44	53	66	39	82
43	42	0	56	63	82
50	44	44	61	43	85
58	37	51	62	47	96
67	31	58	69	60	84
57	46	43	65	50	80
57	49	117	49	19	91
57	44	40	60	43	88
51	45	48	65	46	88
60	42	6	69	55	84
58	46	55	66	44	81
58	61	89	59	76	89
57	45	46	69	47	87
50	45	52	61	50	88
52	48	62	67	32	85
54	57	24	72	30	78
52	43	38	65	42	84
53	44	48	72	45	89
53	44	48	72	45	89
70	46	48	73	51	80
55	44	42	66	48	88
48	31	25	63	26	81
55	48	66	68	44	83
55	41	51	64	93	91
66	46	43	64	51	91
47	55	36	42	44	79
51	44	41	64	46	79
0	12	90	31	0	58
59	47	84	63	79	85
79	47	78	74	43	77
53	45	42	58	46	82
109	79	49	64	96	75
58	45	48	65	46	89
35	68	0	49	17	68
62	47	42	64	44	88
64	81	63	63	58	90
57	48	56	57	47	83
59	50	74	58	57	78
54	45	39	60	48	87
55	45	123	63	50	79
58	46	51	64	47	86
44	44	16	94	26	86
51	46	35	63	46	92
59	45	0	71	40	94
71	45	47	64	49	91
0	84	0	50	89	80
62	44	57	66	53	87
44	45	47	66	24	87
60	45	52	65	46	86
55	42	33	57	44	81
56	42	42	64	47	84
61	44	50	77	45	98
35	39	58	64	48	88
47	59	23	60	40	78
54	41	37	71	46	83
58	44	64	66	55	101
61	42	51	65	47	83
69	37	22	58	48	66
55	41	38	64	49	89
98	42	14	68	50	99
50	48	36	71	49	89
56	35	66	58	60	96
69	44	37	67	44	87
38	55	92	56	45	86
38	55	92	56	45	86
58	46	41	64	46	90
6	72	18	64	79	93
54	45	39	61	48	92
71	65	50	64	24	91
58	46	43	53	52	88
96	0	60	48	35	87
55	47	44	70	46	89
60	45	43	95	64	96
66	47	46	65	46	91
41	47	11	66	28	81
54	45	42	64	46	87
58	52	32	69	0	105
63	47	40	67	52	90
48	34	34	67	63	82
53	47	42	67	49	87
65	56	36	70	54	92
57	49	49	69	52	94
39	13	136	66	65	102
52	48	38	68	45	89
64	51	0	71	50	86
64	52	56	65	59	89
58	47	27	88	1	88
54	50	42	66	44	92
66	74	52	68	56	90
55	55	42	68	48	87
12	59	56	72	59	82
59	52	53	68	62	78
66	70	102	63	92	82
63	53	64	72	100	107
62	48	60	72	45	83
19	57	48	61	68	80
53	44	38	65	47	86
64	53	0	58	54	85
56	46	59	70	48	84
63	46	30	49	49	82
55	46	47	63	44	87
55	48	57	74	48	88
57	51	63	68	47	83
76	42	0	68	57	84
58	50	45	65	45	86
72	78	41	84	87	112
65	50	11	64	36	93
66	47	35	58	14	85
53	47	43	68	44	89
56	52	46	58	49	91
56	52	46	58	49	91
60	49	52	74	52	96
56	48	59	66	51	92
34	52	92	65	45	78
102	43	11	59	57	96
70	53	15	65	48	87
65	48	43	68	51	93
47	41	9	65	56	100
53	47	44	65	44	88
11	47	16	89	89	86
63	52	47	66	47	87
54	75	27	66	60	74
59	48	40	64	49	85
58	44	68	68	49	88
64	55	52	78	52	85
71	46	45	57	53	86
53	47	43	64	47	84
56	49	41	67	33	86
61	50	55	70	31	80
44	24	0	60	51	97
53	46	47	63	46	84
54	48	45	73	45	83
76	51	22	77	57	86
78	49	55	66	47	81
78	52	38	57	55	94
56	47	47	67	50	81
67	47	28	85	39	90
63	48	73	57	19	86
63	47	45	57	52	79
52	45	36	66	47	81
55	46	44	67	49	81
58	50	18	106	55	85
60	45	47	69	50	88
21	48	36	59	46	96
52	43	45	66	46	81
57	1	0	68	51	84
115	54	70	70	54	107
64	53	28	72	46	83
81	44	3	64	63	81
56	44	38	66	47	83
57	46	30	67	53	90
64	53	58	55	19	94
57	48	46	68	45	86
56	57	17	62	57	82
60	45	47	61	46	83
60	45	47	61	46	83
60	48	47	66	47	85
63	56	77	69	55	88
62	52	44	65	48	88
59	44	36	68	41	84
54	47	47	67	47	86
59	44	49	60	46	85
0	54	0	66	44	85
61	48	48	72	54	88
0	55	83	66	0	95
58	45	43	70	45	92
51	45	51	88	89	108
108	45	48	63	61	95
47	52	65	77	58	103
58	47	58	74	46	96
67	31	63	70	55	86
57	35	53	69	72	85
59	40	1	73	52	91
61	53	62	73	51	98
59	48	52	72	49	93
62	49	32	78	60	94
59	47	39	71	46	97
59	51	46	72	47	96
63	60	171	75	60	96
60	50	47	71	48	93
48	78	4	49	30	73
