0.50 0.50 25.34
0.75 0.50 25.31
1.00 0.50 25.29
1.25 0.50 25.26
1.50 0.50 25.23
1.75 0.50 25.99
2.00 0.50 26.75
2.25 0.50 27.50
2.50 0.50 28.26
2.75 0.50 40.36
3.00 0.50 52.46
3.25 0.50 64.56
3.50 0.50 76.66
3.75 0.50 88.26
4.00 0.50 99.86
4.25 0.50 111.46
4.50 0.50 123.06
4.75 0.50 111.83
5.00 0.50 100.61
5.25 0.50 89.38
5.50 0.50 78.15
5.75 0.50 109.37
6.00 0.50 140.59
6.25 0.50 171.82
6.50 0.50 203.04
6.75 0.50 165.98
7.00 0.50 128.92
7.25 0.50 91.86
7.50 0.50 54.80
0.50 0.75 25.19
0.75 0.75 25.39
1.00 0.75 25.37
1.25 0.75 25.34
1.50 0.75 25.31
1.75 0.75 26.07
2.00 0.75 26.83
2.25 0.75 27.58
2.50 0.75 28.29
2.75 0.75 39.67
3.00 0.75 51.77
3.25 0.75 63.87
3.50 0.75 75.97
3.75 0.75 87.57
4.00 0.75 99.17
4.25 0.75 110.77
4.50 0.75 120.36
4.75 0.75 142.42
5.00 0.75 131.19
5.25 0.75 119.96
5.50 0.75 108.74
5.75 0.75 139.96
6.00 0.75 171.18
6.25 0.75 202.40
6.50 0.75 181.99
6.75 0.75 167.23
7.00 0.75 130.17
7.25 0.75 93.11
7.50 0.75 56.05
0.50 1.00 25.04
0.75 1.00 25.24
1.00 1.00 25.45
1.25 1.00 25.42
1.50 1.00 25.39
1.75 1.00 26.15
2.00 1.00 26.91
2.25 1.00 27.61
2.50 1.00 28.31
2.75 1.00 39.69
3.00 1.00 51.08
3.25 1.00 63.17
3.50 1.00 75.28
3.75 1.00 86.88
4.00 1.00 98.47
4.25 1.00 108.06
4.50 1.00 117.66
4.75 1.00 139.72
5.00 1.00 161.78
5.25 1.00 150.55
5.50 1.00 139.32
5.75 1.00 170.54
6.00 1.00 201.76
6.25 1.00 181.35
6.50 1.00 160.94
6.75 1.00 146.18
7.00 1.00 131.43
7.25 1.00 94.36
7.50 1.00 57.30
0.50 1.25 24.88
0.75 1.25 25.09
1.00 1.25 25.29
1.25 1.25 25.50
1.50 1.25 25.47
1.75 1.25 26.23
2.00 1.25 26.93
2.25 1.25 27.63
2.50 1.25 28.34
2.75 1.25 39.72
3.00 1.25 51.10
3.25 1.25 62.48
3.50 1.25 74.58
3.75 1.25 86.18
4.00 1.25 95.77
4.25 1.25 105.36
4.50 1.25 114.95
4.75 1.25 137.01
5.00 1.25 159.07
5.25 1.25 181.13
5.50 1.25 169.91
5.75 1.25 201.13
6.00 1.25 180.72
6.25 1.25 160.30
6.50 1.25 139.89
6.75 1.25 125.13
7.00 1.25 110.38
7.25 1.25 95.62
7.50 1.25 58.56
0.50 1.50 24.73
0.75 1.50 24.93
1.00 1.50 25.14
1.25 1.50 25.35
1.50 1.50 25.55
1.75 1.50 26.25
2.00 1.50 26.95
2.25 1.50 27.66
2.50 1.50 28.36
2.75 1.50 39.74
3.00 1.50 51.12
3.25 1.50 62.51
3.50 1.50 73.89
3.75 1.50 83.48
4.00 1.50 93.07
4.25 1.50 102.66
4.50 1.50 112.25
4.75 1.50 134.31
5.00 1.50 156.37
5.25 1.50 178.43
5.50 1.50 200.49
5.75 1.50 180.08
6.00 1.50 159.67
6.25 1.50 139.25
6.50 1.50 118.84
6.75 1.50 104.08
7.00 1.50 89.33
7.25 1.50 74.57
7.50 1.50 59.81
0.50 1.75 24.88
0.75 1.75 25.08
1.00 1.75 25.29
1.25 1.75 25.49
1.50 1.75 25.62
1.75 1.75 27.19
2.00 1.75 27.90
2.25 1.75 28.60
2.50 1.75 29.30
2.75 1.75 40.68
3.00 1.75 52.06
3.25 1.75 63.45
3.50 1.75 72.71
3.75 1.75 83.33
4.00 1.75 92.92
4.25 1.75 102.51
4.50 1.75 112.10
4.75 1.75 134.16
5.00 1.75 156.22
5.25 1.75 178.28
5.50 1.75 177.09
5.75 1.75 203.91
6.00 1.75 183.49
6.25 1.75 163.08
6.50 1.75 142.67
6.75 1.75 127.91
7.00 1.75 113.15
7.25 1.75 98.40
7.50 1.75 60.25
0.50 2.00 25.02
0.75 2.00 25.23
1.00 2.00 25.43
1.25 2.00 25.56
1.50 2.00 25.69
1.75 2.00 27.26
2.00 2.00 28.84
2.25 2.00 29.54
2.50 2.00 30.24
2.75 2.00 41.62
3.00 2.00 53.00
3.25 2.00 62.27
3.50 2.00 71.53
3.75 2.00 82.15
4.00 2.00 92.77
4.25 2.00 102.36
4.50 2.00 111.94
4.75 2.00 134.00
5.00 2.00 156.06
5.25 2.00 154.88
5.50 2.00 153.69
5.75 2.00 180.50
6.00 2.00 207.32
6.25 2.00 186.91
6.50 2.00 166.50
6.75 2.00 151.74
7.00 2.00 136.98
7.25 2.00 98.83
7.50 2.00 60.68
0.50 2.25 25.16
0.75 2.25 25.37
1.00 2.25 25.50
1.25 2.25 25.62
1.50 2.25 25.75
1.75 2.25 27.33
2.00 2.25 28.90
2.25 2.25 30.48
2.50 2.25 31.18
2.75 2.25 42.56
3.00 2.25 51.82
3.25 2.25 61.08
3.50 2.25 70.34
3.75 2.25 80.96
4.00 2.25 91.58
4.25 2.25 102.20
4.50 2.25 111.79
4.75 2.25 133.85
5.00 2.25 132.66
5.25 2.25 131.47
5.50 2.25 130.28
5.75 2.25 157.10
6.00 2.25 183.92
6.25 2.25 210.74
6.50 2.25 190.32
6.75 2.25 175.56
7.00 2.25 137.41
7.25 2.25 99.27
7.50 2.25 61.11
0.50 2.50 25.31
0.75 2.50 25.44
1.00 2.50 25.56
1.25 2.50 25.69
1.50 2.50 25.82
1.75 2.50 27.40
2.00 2.50 28.97
2.25 2.50 30.54
2.50 2.50 32.12
2.75 2.50 41.38
3.00 2.50 50.64
3.25 2.50 59.90
3.50 2.50 69.16
3.75 2.50 79.78
4.00 2.50 90.40
4.25 2.50 101.02
4.50 2.50 111.64
4.75 2.50 110.45
5.00 2.50 109.26
5.25 2.50 108.07
5.50 2.50 106.88
5.75 2.50 133.70
6.00 2.50 160.51
6.25 2.50 187.33
6.50 2.50 214.15
6.75 2.50 176.00
7.00 2.50 137.85
7.25 2.50 99.70
7.50 2.50 61.55
0.50 2.75 25.43
0.75 2.75 25.49
1.00 2.75 25.62
1.25 2.75 25.75
1.50 2.75 25.88
1.75 2.75 27.45
2.00 2.75 29.03
2.25 2.75 30.60
2.50 2.75 31.59
2.75 2.75 41.11
3.00 2.75 50.37
3.25 2.75 59.63
3.50 2.75 68.89
3.75 2.75 79.51
4.00 2.75 90.13
4.25 2.75 100.75
4.50 2.75 109.95
4.75 2.75 126.68
5.00 2.75 125.48
5.25 2.75 124.30
5.50 2.75 123.10
5.75 2.75 107.48
6.00 2.75 134.30
6.25 2.75 161.12
6.50 2.75 187.93
6.75 2.75 149.78
7.00 2.75 111.63
7.25 2.75 73.48
7.50 2.75 61.51
0.50 3.00 25.55
0.75 3.00 25.62
1.00 3.00 25.68
1.25 3.00 25.81
1.50 3.00 25.94
1.75 3.00 27.51
2.00 3.00 29.09
2.25 3.00 30.07
2.50 3.00 31.05
2.75 3.00 40.58
3.00 3.00 50.11
3.25 3.00 59.37
3.50 3.00 68.62
3.75 3.00 79.25
4.00 3.00 89.87
4.25 3.00 99.06
4.50 3.00 108.27
4.75 3.00 124.99
5.00 3.00 141.71
5.25 3.00 140.52
5.50 3.00 139.33
5.75 3.00 123.70
6.00 3.00 108.08
6.25 3.00 134.90
6.50 3.00 161.72
6.75 3.00 123.57
7.00 3.00 85.41
7.25 3.00 73.45
7.50 3.00 61.48
0.50 3.25 25.67
0.75 3.25 25.73
1.00 3.25 25.80
1.25 3.25 25.87
1.50 3.25 25.99
1.75 3.25 27.57
2.00 3.25 28.55
2.25 3.25 29.54
2.50 3.25 30.52
2.75 3.25 40.05
3.00 3.25 49.57
3.25 3.25 59.10
3.50 3.25 68.36
3.75 3.25 78.98
4.00 3.25 88.18
4.25 3.25 97.38
4.50 3.25 106.58
4.75 3.25 123.30
5.00 3.25 140.02
5.25 3.25 156.75
5.50 3.25 155.56
5.75 3.25 139.93
6.00 3.25 124.31
6.25 3.25 108.68
6.50 3.25 135.50
6.75 3.25 97.35
7.00 3.25 85.38
7.25 3.25 73.41
7.50 3.25 61.44
0.50 3.50 25.79
0.75 3.50 25.86
1.00 3.50 25.92
1.25 3.50 25.98
1.50 3.50 26.05
1.75 3.50 27.04
2.00 3.50 28.02
2.25 3.50 29.00
2.50 3.50 29.99
2.75 3.50 39.52
3.00 3.50 49.04
3.25 3.50 58.57
3.50 3.50 68.09
3.75 3.50 77.29
4.00 3.50 86.49
4.25 3.50 95.69
4.50 3.50 104.89
4.75 3.50 121.61
5.00 3.50 138.34
5.25 3.50 155.06
5.50 3.50 171.78
5.75 3.50 156.16
6.00 3.50 140.53
6.25 3.50 124.91
6.50 3.50 109.28
6.75 3.50 97.31
7.00 3.50 85.34
7.25 3.50 73.38
7.50 3.50 61.41
