0.50 0.50 63.67
0.75 0.50 63.74
1.00 0.50 63.81
1.25 0.50 63.88
1.50 0.50 63.95
1.75 0.50 65.72
2.00 0.50 67.49
2.25 0.50 69.26
2.50 0.50 71.03
2.75 0.50 101.48
3.00 0.50 131.93
3.25 0.50 162.37
3.50 0.50 192.82
3.75 0.50 223.40
4.00 0.50 253.97
4.25 0.50 284.55
4.50 0.50 315.12
4.75 0.50 288.42
5.00 0.50 261.71
5.25 0.50 235.01
5.50 0.50 208.30
5.75 0.50 285.25
6.00 0.50 362.19
6.25 0.50 439.14
6.50 0.50 516.08
6.75 0.50 422.71
7.00 0.50 329.34
7.25 0.50 235.97
7.50 0.50 142.60
0.50 0.75 63.36
0.75 0.75 63.90
1.00 0.75 63.97
1.25 0.75 64.04
1.50 0.75 64.11
1.75 0.75 65.88
2.00 0.75 67.65
2.25 0.75 69.42
2.50 0.75 71.20
2.75 0.75 100.09
3.00 0.75 130.54
3.25 0.75 160.99
3.50 0.75 191.44
3.75 0.75 222.01
4.00 0.75 252.58
4.25 0.75 283.16
4.50 0.75 308.47
4.75 0.75 369.71
5.00 0.75 343.00
5.25 0.75 316.30
5.50 0.75 289.60
5.75 0.75 366.54
6.00 0.75 443.49
6.25 0.75 520.43
6.50 0.75 463.73
6.75 0.75 425.34
7.00 0.75 331.97
7.25 0.75 238.60
7.50 0.75 145.23
0.50 1.00 63.06
0.75 1.00 63.60
1.00 1.00 64.13
1.25 1.00 64.20
1.50 1.00 64.28
1.75 1.00 66.05
2.00 1.00 67.81
2.25 1.00 69.59
2.50 1.00 71.38
2.75 1.00 100.27
3.00 1.00 129.16
3.25 1.00 159.60
3.50 1.00 190.05
3.75 1.00 220.62
4.00 1.00 251.20
4.25 1.00 276.50
4.50 1.00 301.81
4.75 1.00 363.06
5.00 1.00 424.30
5.25 1.00 397.59
5.50 1.00 370.89
5.75 1.00 447.83
6.00 1.00 524.78
6.25 1.00 468.08
6.50 1.00 411.38
6.75 1.00 372.99
7.00 1.00 334.60
7.25 1.00 241.23
7.50 1.00 147.86
0.50 1.25 62.76
0.75 1.25 63.29
1.00 1.25 63.83
1.25 1.25 64.37
1.50 1.25 64.44
1.75 1.25 66.21
2.00 1.25 67.99
2.25 1.25 69.77
2.50 1.25 71.55
2.75 1.25 100.44
3.00 1.25 129.33
3.25 1.25 158.22
3.50 1.25 188.67
3.75 1.25 219.24
4.00 1.25 244.55
4.25 1.25 269.85
4.50 1.25 295.15
4.75 1.25 356.40
5.00 1.25 417.64
5.25 1.25 478.89
5.50 1.25 452.19
5.75 1.25 529.13
6.00 1.25 472.43
6.25 1.25 415.73
6.50 1.25 359.03
6.75 1.25 320.64
7.00 1.25 282.25
7.25 1.25 243.86
7.50 1.25 150.49
0.50 1.50 62.45
0.75 1.50 62.99
1.00 1.50 63.52
1.25 1.50 64.06
1.50 1.50 64.60
1.75 1.50 66.38
2.00 1.50 68.16
2.25 1.50 69.94
2.50 1.50 71.72
2.75 1.50 100.61
3.00 1.50 129.50
3.25 1.50 158.39
3.50 1.50 187.28
3.75 1.50 212.59
4.00 1.50 237.89
4.25 1.50 263.19
4.50 1.50 288.50
4.75 1.50 349.75
5.00 1.50 410.99
5.25 1.50 472.24
5.50 1.50 533.48
5.75 1.50 476.78
6.00 1.50 420.08
6.25 1.50 363.38
6.50 1.50 306.68
6.75 1.50 268.29
7.00 1.50 229.90
7.25 1.50 191.51
7.50 1.50 153.12
0.50 1.75 62.87
0.75 1.75 63.41
1.00 1.75 63.94
1.25 1.75 64.48
1.50 1.75 64.74
1.75 1.75 68.89
2.00 1.75 70.67
2.25 1.75 72.45
2.50 1.75 74.23
2.75 1.75 103.12
3.00 1.75 132.01
3.25 1.75 160.90
3.50 1.75 184.54
3.75 1.75 210.90
4.00 1.75 236.21
4.25 1.75 261.51
4.50 1.75 286.82
4.75 1.75 348.06
5.00 1.75 409.31
5.25 1.75 470.55
5.50 1.75 468.17
5.75 1.75 547.06
6.00 1.75 490.36
6.25 1.75 433.66
6.50 1.75 376.96
6.75 1.75 338.57
7.00 1.75 300.18
7.25 1.75 261.79
7.50 1.75 153.87
0.50 2.00 63.29
0.75 2.00 63.82
1.00 2.00 64.36
1.25 2.00 64.62
1.50 2.00 64.88
1.75 2.00 69.03
2.00 2.00 73.17
2.25 2.00 74.95
2.50 2.00 76.73
2.75 2.00 105.62
3.00 2.00 134.51
3.25 2.00 158.16
3.50 2.00 181.80
3.75 2.00 208.16
4.00 2.00 234.52
4.25 2.00 259.83
4.50 2.00 285.13
4.75 2.00 346.38
5.00 2.00 407.62
5.25 2.00 405.25
5.50 2.00 402.87
5.75 2.00 481.75
6.00 2.00 560.64
6.25 2.00 503.94
6.50 2.00 447.24
6.75 2.00 408.85
7.00 2.00 370.46
7.25 2.00 262.53
7.50 2.00 154.61
0.50 2.25 63.70
0.75 2.25 64.24
1.00 2.25 64.50
1.25 2.25 64.75
1.50 2.25 65.01
1.75 2.25 69.16
2.00 2.25 73.31
2.25 2.25 77.46
2.50 2.25 79.24
2.75 2.25 108.13
3.00 2.25 131.78
3.25 2.25 155.42
3.50 2.25 179.06
3.75 2.25 205.42
4.00 2.25 231.78
4.25 2.25 258.15
4.50 2.25 283.45
4.75 2.25 344.70
5.00 2.25 342.32
5.25 2.25 339.94
5.50 2.25 337.56
5.75 2.25 416.44
6.00 2.25 495.33
6.25 2.25 574.22
6.50 2.25 517.52
6.75 2.25 479.13
7.00 2.25 371.20
7.25 2.25 263.28
7.50 2.25 155.35
0.50 2.50 64.12
0.75 2.50 64.38
1.00 2.50 64.64
1.25 2.50 64.89
1.50 2.50 65.15
1.75 2.50 69.30
2.00 2.50 73.45
2.25 2.50 77.60
2.50 2.50 81.75
2.75 2.50 105.39
3.00 2.50 129.03
3.25 2.50 152.68
3.50 2.50 176.32
3.75 2.50 202.68
4.00 2.50 229.04
4.25 2.50 255.41
4.50 2.50 281.77
4.75 2.50 279.39
5.00 2.50 277.01
5.25 2.50 274.63
5.50 2.50 272.25
5.75 2.50 351.14
6.00 2.50 430.02
6.25 2.50 508.91
6.50 2.50 587.80
6.75 2.50 479.87
7.00 2.50 371.95
7.25 2.50 264.02
7.50 2.50 156.10
0.50 2.75 64.36
0.75 2.75 64.49
1.00 2.75 64.75
1.25 2.75 65.00
1.50 2.75 65.26
1.75 2.75 69.41
2.00 2.75 73.56
2.25 2.75 77.71
2.50 2.75 80.81
2.75 2.75 104.23
3.00 2.75 127.88
3.25 2.75 151.52
3.50 2.75 175.16
3.75 2.75 201.52
4.00 2.75 227.88
4.25 2.75 254.25
4.50 2.75 277.89
4.75 2.75 319.71
5.00 2.75 317.33
5.25 2.75 314.95
5.50 2.75 312.57
5.75 2.75 273.70
6.00 2.75 352.59
6.25 2.75 431.47
6.50 2.75 510.36
6.75 2.75 402.44
7.00 2.75 294.51
7.25 2.75 186.59
7.50 2.75 157.15
0.50 3.00 64.60
0.75 3.00 64.73
1.00 3.00 64.86
1.25 3.00 65.12
1.50 3.00 65.38
1.75 3.00 69.53
2.00 3.00 73.67
2.25 3.00 76.77
2.50 3.00 79.86
2.75 3.00 103.29
3.00 3.00 126.72
3.25 3.00 150.36
3.50 3.00 174.00
3.75 3.00 200.36
4.00 3.00 226.72
4.25 3.00 250.37
4.50 3.00 274.02
4.75 3.00 315.84
5.00 3.00 357.66
5.25 3.00 355.28
5.50 3.00 352.90
5.75 3.00 314.02
6.00 3.00 275.15
6.25 3.00 354.04
6.50 3.00 432.92
6.75 3.00 325.00
7.00 3.00 217.07
7.25 3.00 187.64
7.50 3.00 158.21
0.50 3.25 64.84
0.75 3.25 64.97
1.00 3.25 65.10
1.25 3.25 65.23
1.50 3.25 65.49
1.75 3.25 69.64
2.00 3.25 72.73
2.25 3.25 75.82
2.50 3.25 78.91
2.75 3.25 102.34
3.00 3.25 125.77
3.25 3.25 149.20
3.50 3.25 172.84
3.75 3.25 199.20
4.00 3.25 222.85
4.25 3.25 246.50
4.50 3.25 270.14
4.75 3.25 311.96
5.00 3.25 353.78
5.25 3.25 395.61
5.50 3.25 393.23
5.75 3.25 354.35
6.00 3.25 315.48
6.25 3.25 276.60
6.50 3.25 355.49
6.75 3.25 247.56
7.00 3.25 218.13
7.25 3.25 188.70
7.50 3.25 159.26
0.50 3.50 65.08
0.75 3.50 65.21
1.00 3.50 65.34
1.25 3.50 65.47
1.50 3.50 65.60
1.75 3.50 68.69
2.00 3.50 71.78
2.25 3.50 74.88
2.50 3.50 77.97
2.75 3.50 101.40
3.00 3.50 124.83
3.25 3.50 148.25
3.50 3.50 171.68
3.75 3.50 195.33
4.00 3.50 218.97
4.25 3.50 242.62
4.50 3.50 266.27
4.75 3.50 308.09
5.00 3.50 349.91
5.25 3.50 391.73
5.50 3.50 433.55
5.75 3.50 394.68
6.00 3.50 355.80
6.25 3.50 316.93
6.50 3.50 278.05
6.75 3.50 248.62
7.00 3.50 219.19
7.25 3.50 189.75
7.50 3.50 160.32
