0.50 0.50 38.67
0.75 0.50 45.66
1.00 0.50 52.64
1.25 0.50 59.62
1.50 0.50 66.61
1.75 0.50 60.74
2.00 0.50 54.87
2.25 0.50 49.00
2.50 0.50 43.13
2.75 0.50 81.43
3.00 0.50 119.73
3.25 0.50 158.03
3.50 0.50 196.33
3.75 0.50 283.38
4.00 0.50 370.43
4.25 0.50 457.48
4.50 0.50 544.53
4.75 0.50 535.16
5.00 0.50 525.80
5.25 0.50 516.43
5.50 0.50 507.07
5.75 0.50 570.68
6.00 0.50 634.29
6.25 0.50 697.91
6.50 0.50 761.52
6.75 0.50 619.24
7.00 0.50 476.96
7.25 0.50 334.68
7.50 0.50 192.40
0.50 0.75 48.34
0.75 0.75 49.07
1.00 0.75 56.06
1.25 0.75 63.04
1.50 0.75 70.03
1.75 0.75 64.16
2.00 0.75 58.29
2.25 0.75 52.42
2.50 0.75 47.14
2.75 0.75 81.08
3.00 0.75 119.38
3.25 0.75 157.68
3.50 0.75 195.98
3.75 0.75 283.03
4.00 0.75 370.08
4.25 0.75 457.13
4.50 0.75 518.43
4.75 0.75 665.33
5.00 0.75 655.97
5.25 0.75 646.60
5.50 0.75 637.24
5.75 0.75 700.85
6.00 0.75 764.46
6.25 0.75 828.08
6.50 0.75 706.75
6.75 0.75 628.87
7.00 0.75 486.59
7.25 0.75 344.31
7.50 0.75 202.03
0.50 1.00 58.02
0.75 1.00 58.74
1.00 1.00 59.48
1.25 1.00 66.46
1.50 1.00 73.44
1.75 1.00 67.58
2.00 1.00 61.70
2.25 1.00 56.43
2.50 1.00 51.16
2.75 1.00 85.09
3.00 1.00 119.03
3.25 1.00 157.34
3.50 1.00 195.63
3.75 1.00 282.69
4.00 1.00 369.74
4.25 1.00 431.03
4.50 1.00 492.32
4.75 1.00 639.23
5.00 1.00 786.13
5.25 1.00 776.77
5.50 1.00 767.40
5.75 1.00 831.02
6.00 1.00 894.63
6.25 1.00 773.30
6.50 1.00 651.97
6.75 1.00 574.09
7.00 1.00 496.21
7.25 1.00 353.94
7.50 1.00 211.66
0.50 1.25 67.69
0.75 1.25 68.42
1.00 1.25 69.15
1.25 1.25 69.88
1.50 1.25 76.86
1.75 1.25 70.99
2.00 1.25 65.72
2.25 1.25 60.44
2.50 1.25 55.17
2.75 1.25 89.11
3.00 1.25 123.05
3.25 1.25 156.99
3.50 1.25 195.29
3.75 1.25 282.34
4.00 1.25 343.63
4.25 1.25 404.93
4.50 1.25 466.22
4.75 1.25 613.13
5.00 1.25 760.03
5.25 1.25 906.94
5.50 1.25 897.57
5.75 1.25 961.19
6.00 1.25 839.86
6.25 1.25 718.52
6.50 1.25 597.19
6.75 1.25 519.32
7.00 1.25 441.44
7.25 1.25 363.56
7.50 1.25 221.28
0.50 1.50 77.36
0.75 1.50 78.09
1.00 1.50 78.82
1.25 1.50 79.55
1.50 1.50 80.28
1.75 1.50 75.00
2.00 1.50 69.73
2.25 1.50 64.45
2.50 1.50 59.18
2.75 1.50 93.12
3.00 1.50 127.06
3.25 1.50 161.00
3.50 1.50 194.94
3.75 1.50 256.24
4.00 1.50 317.53
4.25 1.50 378.83
4.50 1.50 440.12
4.75 1.50 587.03
5.00 1.50 733.93
5.25 1.50 880.84
5.50 1.50 1027.74
5.75 1.50 906.41
6.00 1.50 785.08
6.25 1.50 663.75
6.50 1.50 542.42
6.75 1.50 464.54
7.00 1.50 386.66
7.25 1.50 308.79
7.50 1.50 230.91
0.50 1.75 74.69
0.75 1.75 75.41
1.00 1.75 76.14
1.25 1.75 76.88
1.50 1.75 73.56
1.75 1.75 81.72
2.00 1.75 76.45
2.25 1.75 71.17
2.50 1.75 65.90
2.75 1.75 99.84
3.00 1.75 133.78
3.25 1.75 167.72
3.50 1.75 202.35
3.75 1.75 233.28
4.00 1.75 294.58
4.25 1.75 355.88
4.50 1.75 417.17
4.75 1.75 564.08
5.00 1.75 710.98
5.25 1.75 857.89
5.50 1.75 857.29
5.75 1.75 1196.32
6.00 1.75 1074.99
6.25 1.75 953.66
6.50 1.75 832.33
6.75 1.75 754.45
7.00 1.75 676.58
7.25 1.75 598.70
7.50 1.75 230.38
0.50 2.00 72.01
0.75 2.00 72.74
1.00 2.00 73.47
1.25 2.00 70.16
1.50 2.00 66.84
1.75 2.00 75.01
2.00 2.00 83.17
2.25 2.00 77.90
2.50 2.00 72.62
2.75 2.00 106.56
3.00 2.00 140.50
3.25 2.00 175.13
3.50 2.00 209.76
3.75 2.00 240.70
4.00 2.00 271.63
4.25 2.00 332.92
4.50 2.00 394.22
4.75 2.00 541.12
5.00 2.00 688.03
5.25 2.00 687.44
5.50 2.00 686.84
5.75 2.00 1025.87
6.00 2.00 1364.90
6.25 2.00 1243.58
6.50 2.00 1122.24
6.75 2.00 1044.37
7.00 2.00 966.49
7.25 2.00 598.17
7.50 2.00 229.84
0.50 2.25 69.33
0.75 2.25 70.06
1.00 2.25 66.75
1.25 2.25 63.44
1.50 2.25 60.13
1.75 2.25 68.29
2.00 2.25 76.45
2.25 2.25 84.62
2.50 2.25 79.34
2.75 2.25 113.28
3.00 2.25 147.91
3.25 2.25 182.54
3.50 2.25 217.17
3.75 2.25 248.11
4.00 2.25 279.04
4.25 2.25 309.98
4.50 2.25 371.27
4.75 2.25 518.17
5.00 2.25 517.58
5.25 2.25 516.99
5.50 2.25 516.39
5.75 2.25 855.42
6.00 2.25 1194.45
6.25 2.25 1533.49
6.50 2.25 1412.16
6.75 2.25 1334.28
7.00 2.25 965.96
7.25 2.25 597.63
7.50 2.25 229.31
0.50 2.50 66.66
0.75 2.50 63.35
1.00 2.50 60.03
1.25 2.50 56.72
1.50 2.50 53.41
1.75 2.50 61.57
2.00 2.50 69.73
2.25 2.50 77.90
2.50 2.50 86.06
2.75 2.50 120.69
3.00 2.50 155.32
3.25 2.50 189.95
3.50 2.50 224.58
3.75 2.50 255.51
4.00 2.50 286.45
4.25 2.50 317.38
4.50 2.50 348.32
4.75 2.50 347.73
5.00 2.50 347.13
5.25 2.50 346.53
5.50 2.50 345.94
5.75 2.50 684.97
6.00 2.50 1024.00
6.25 2.50 1363.04
6.50 2.50 1702.07
6.75 2.50 1333.75
7.00 2.50 965.42
7.25 2.50 597.10
7.50 2.50 228.78
0.50 2.75 63.34
0.75 2.75 60.00
1.00 2.75 56.69
1.25 2.75 53.38
1.50 2.75 50.06
1.75 2.75 58.23
2.00 2.75 66.39
2.25 2.75 74.55
2.50 2.75 90.79
2.75 2.75 99.68
3.00 2.75 134.31
3.25 2.75 168.94
3.50 2.75 203.57
3.75 2.75 234.50
4.00 2.75 265.44
4.25 2.75 296.38
4.50 2.75 330.85
4.75 2.75 305.21
5.00 2.75 304.62
5.25 2.75 304.02
5.50 2.75 303.43
5.75 2.75 362.37
6.00 2.75 701.40
6.25 2.75 1040.43
6.50 2.75 1379.46
6.75 2.75 1011.14
7.00 2.75 642.82
7.25 2.75 274.50
7.50 2.75 226.14
0.50 3.00 60.02
0.75 3.00 56.68
1.00 3.00 53.34
1.25 3.00 50.03
1.50 3.00 46.72
1.75 3.00 54.88
2.00 3.00 63.04
2.25 3.00 79.28
2.50 3.00 95.53
2.75 3.00 104.41
3.00 3.00 113.30
3.25 3.00 147.93
3.50 3.00 182.56
3.75 3.00 213.50
4.00 3.00 244.43
4.25 3.00 278.90
4.50 3.00 313.38
4.75 3.00 287.74
5.00 3.00 262.11
5.25 3.00 261.51
5.50 3.00 260.91
5.75 3.00 319.85
6.00 3.00 378.79
6.25 3.00 717.82
6.50 3.00 1056.86
6.75 3.00 688.53
7.00 3.00 320.21
7.25 3.00 271.85
7.50 3.00 223.50
0.50 3.25 56.71
0.75 3.25 53.37
1.00 3.25 50.02
1.25 3.25 46.68
1.50 3.25 43.37
1.75 3.25 51.53
2.00 3.25 67.77
2.25 3.25 84.02
2.50 3.25 100.26
2.75 3.25 109.14
3.00 3.25 118.03
3.25 3.25 126.92
3.50 3.25 161.55
3.75 3.25 192.49
4.00 3.25 226.96
4.25 3.25 261.44
4.50 3.25 295.91
4.75 3.25 270.27
5.00 3.25 244.63
5.25 3.25 219.00
5.50 3.25 218.40
5.75 3.25 277.34
6.00 3.25 336.28
6.25 3.25 395.22
6.50 3.25 734.25
6.75 3.25 365.93
7.00 3.25 317.57
7.25 3.25 269.21
7.50 3.25 220.85
0.50 3.50 53.39
0.75 3.50 50.05
1.00 3.50 46.70
1.25 3.50 43.36
1.50 3.50 40.02
1.75 3.50 56.26
2.00 3.50 72.50
2.25 3.50 88.75
2.50 3.50 104.99
2.75 3.50 113.88
3.00 3.50 122.76
3.25 3.50 131.65
3.50 3.50 140.54
3.75 3.50 175.01
4.00 3.50 209.49
4.25 3.50 243.96
4.50 3.50 278.44
4.75 3.50 252.80
5.00 3.50 227.16
5.25 3.50 201.53
5.50 3.50 175.89
5.75 3.50 234.83
6.00 3.50 293.76
6.25 3.50 352.70
6.50 3.50 411.64
6.75 3.50 363.28
7.00 3.50 314.93
7.25 3.50 266.57
7.50 3.50 218.21
