172.00 347.67 58.33 46.67 130.17 551.33
168.00 352.00 63.33 49.00 254.33 469.50
164.33 352.33 68.00 53.50 686.17 621.00
159.00 356.67 71.00 59.33 893.33 694.17
155.33 360.00 73.17 64.33 747.00 654.33
158.67 357.00 74.00 69.00 412.83 617.50
167.33 354.00 74.00 75.00 354.83 334.33
176.00 354.00 74.00 81.67 386.67 356.83
185.33 353.00 74.00 89.00 406.33 376.17
297.83 347.33 74.00 96.00 414.67 394.00
459.17 473.50 74.17 101.33 433.00 661.50
416.50 721.83 75.83 107.00 455.67 692.33
239.83 689.00 78.17 113.00 464.00 511.83
254.00 780.67 80.33 118.00 479.50 529.17
273.50 922.83 80.33 125.00 512.17 529.17
289.67 842.50 79.00 372.33 529.33 517.00
298.00 535.17 79.00 196.67 527.33 515.67
303.50 526.00 81.00 381.50 502.67 513.83
318.83 760.50 84.17 462.33 644.83 505.00
336.50 882.17 90.33 299.67 780.83 724.33
346.83 865.17 119.50 246.67 532.17 1080.33
393.83 916.67 283.33 264.00 502.00 1133.67
648.00 785.67 348.17 282.00 776.83 1115.83
692.33 750.33 421.00 300.17 796.17 1070.00
694.00 789.83 470.17 314.67 662.17 1090.83
774.83 820.17 465.83 334.17 930.50 1086.33
831.50 841.00 462.50 545.50 1007.67 849.50
804.83 860.33 495.00 653.50 911.83 766.00
816.83 878.67 438.50 462.00 708.17 773.00
833.67 887.33 293.33 438.00 978.17 804.33
831.17 888.67 309.67 441.50 1145.33 840.17
815.00 892.67 320.00 452.67 1033.17 869.50
678.83 896.33 330.83 467.67 879.50 887.50
706.00 897.67 341.50 478.67 889.00 908.33
719.50 897.33 357.50 493.17 883.00 920.67
729.67 908.00 463.17 665.50 889.00 908.33
740.00 920.67 667.67 531.67 905.50 888.17
737.00 928.67 805.00 534.67 918.83 871.33
730.17 927.67 811.83 539.33 928.83 852.83
730.00 920.33 756.00 551.67 941.33 828.67
716.83 916.33 488.00 569.33 936.83 806.00
688.83 912.67 488.00 581.33 914.00 798.00
657.83 914.67 493.50 583.67 889.83 813.67
623.17 917.33 667.33 590.33 867.83 823.67
581.67 919.33 576.33 608.33 843.00 826.67
547.50 931.50 548.33 629.67 809.83 829.00
518.00 953.67 571.00 722.17 776.17 831.33
492.17 976.67 588.50 933.50 745.67 835.83
473.33 994.83 609.33 986.33 731.50 833.83
465.33 1007.33 630.50 1002.00 717.67 832.67
