47.00 42.00 40.00 30.00 42.50 38.00
47.00 42.00 40.00 30.33 43.00 39.33
47.00 42.00 40.00 32.00 43.00 40.00
47.00 42.00 40.00 32.00 43.00 40.00
47.00 43.33 40.00 32.00 43.00 40.00
47.00 44.00 40.00 32.00 45.00 40.00
47.00 44.00 40.00 32.00 43.67 40.00
47.00 44.00 40.00 32.00 43.00 40.00
47.00 44.00 40.00 32.00 44.33 40.00
47.00 42.33 40.17 32.00 45.00 40.00
48.33 42.00 41.00 32.00 45.00 40.00
50.67 42.00 41.00 32.00 45.00 40.00
55.00 42.00 41.17 32.00 45.00 40.00
61.67 42.00 42.33 32.00 44.67 40.00
69.00 42.00 43.00 32.00 43.00 40.00
77.33 42.00 45.00 32.00 43.00 40.00
88.50 44.67 45.00 32.00 43.00 40.00
99.67 50.00 45.00 32.00 43.00 39.67
110.83 56.33 45.00 32.00 43.00 38.00
120.00 65.67 45.83 32.00 43.00 38.00
128.33 79.33 46.00 32.00 43.00 38.00
138.83 93.67 46.00 32.00 43.00 38.00
149.67 144.33 46.00 32.00 43.00 38.00
158.17 386.83 46.00 32.00 43.00 38.00
165.67 233.50 46.17 32.00 43.00 38.00
169.50 169.67 47.00 32.00 43.33 39.00
173.67 187.33 47.33 32.00 134.50 40.00
178.67 392.00 47.50 33.67 241.67 40.67
182.00 601.83 47.00 34.00 75.33 42.67
184.83 644.00 47.33 35.00 81.83 45.00
187.67 397.83 48.83 36.67 178.50 47.33
184.50 328.33 51.67 39.00 110.50 258.33
179.67 337.50 54.50 43.00 119.67 400.83
172.00 347.67 58.33 46.67 130.17 551.33
168.00 352.00 63.33 49.00 254.33 469.50
164.33 352.33 68.00 53.50 686.17 621.00
159.00 356.67 71.00 59.33 893.33 694.17
155.33 360.00 73.17 64.33 747.00 654.33
158.67 357.00 74.00 69.00 412.83 617.50
167.33 354.00 74.00 75.00 354.83 334.33
176.00 354.00 74.00 81.67 386.67 356.83
185.33 353.00 74.00 89.00 406.33 376.17
297.83 347.33 74.00 96.00 414.67 394.00
459.17 473.50 74.17 101.33 433.00 661.50
416.50 721.83 75.83 107.00 455.67 692.33
239.83 689.00 78.17 113.00 464.00 511.83
254.00 780.67 80.33 118.00 479.50 529.17
273.50 922.83 80.33 125.00 512.17 529.17
289.67 842.50 79.00 372.33 529.33 517.00
298.00 535.17 79.00 196.67 527.33 515.67
