129.18 260.78 43.81 35.05 97.69 414.06
126.03 264.03 47.51 36.78 190.80 352.97
123.30 264.28 51.08 40.16 515.93 466.27
119.43 267.56 53.32 44.55 670.40 520.91
116.58 270.03 54.90 48.28 561.41 490.81
119.06 267.93 55.53 51.87 317.41 463.14
125.56 265.53 55.53 56.37 266.35 250.84
132.08 265.53 55.53 61.31 290.08 267.69
139.04 264.83 55.53 66.78 304.77 282.16
224.85 260.50 55.53 72.06 311.13 295.52
344.62 358.66 55.65 76.13 324.80 504.07
312.60 541.73 56.94 80.31 341.76 519.43
179.93 517.50 58.64 84.81 348.05 384.02
190.63 585.97 60.36 88.62 359.65 396.89
205.15 693.03 60.27 93.77 384.21 396.99
217.27 632.41 59.28 279.63 397.02 387.86
223.62 412.83 59.28 158.67 395.69 386.80
227.69 394.58 60.80 293.95 377.18 385.52
239.15 578.21 63.20 346.86 487.46 378.77
252.44 661.80 67.75 232.15 586.62 548.12
260.13 648.94 89.64 185.09 412.50 811.53
295.39 687.62 212.82 198.03 376.55 850.36
486.50 596.63 261.63 211.53 591.92 836.98
519.30 562.93 316.23 225.15 597.15 802.77
520.56 592.48 352.74 236.03 498.60 818.29
581.48 615.19 349.65 250.69 698.59 814.89
623.70 630.86 347.01 417.25 756.15 641.52
604.11 645.31 371.31 490.59 684.33 574.63
612.66 659.03 329.07 358.45 531.26 579.76
625.28 665.61 220.08 328.62 743.14 603.37
623.51 666.55 232.30 331.16 859.76 630.21
611.31 669.56 240.04 339.52 776.87 652.26
509.33 672.28 248.17 350.84 659.76 665.73
529.59 673.28 256.16 359.02 666.77 681.34
539.63 673.03 268.18 369.90 662.34 690.52
547.27 681.03 348.58 503.67 666.80 681.30
555.02 690.52 501.49 398.84 679.23 666.27
552.84 696.56 604.33 401.05 689.17 653.56
547.75 695.81 609.12 404.56 696.73 639.83
547.52 690.30 567.42 413.78 706.02 621.60
537.66 687.30 366.03 427.05 702.70 604.74
516.81 684.55 366.03 436.06 685.80 598.55
493.58 686.05 370.17 437.80 667.66 610.28
467.47 688.11 500.81 442.77 651.16 617.81
436.54 689.53 438.00 456.27 632.41 620.11
410.89 698.66 411.28 472.31 607.54 621.78
388.61 715.31 428.27 543.28 582.40 623.62
369.22 732.52 441.41 700.49 559.45 626.90
355.13 746.23 457.02 739.90 548.64 625.50
349.03 755.50 472.91 751.64 538.39 624.61
