431.50 870.33 147.17 117.33 327.83 1383.17
420.50 880.00 159.67 123.00 776.17 1191.00
411.67 881.67 170.50 135.50 1782.83 1595.00
399.00 892.33 178.50 149.17 2246.17 1742.33
388.67 900.00 183.33 162.17 1916.50 1642.17
398.33 894.00 185.00 173.50 1127.67 1568.50
420.17 885.00 185.00 188.50 894.67 840.67
441.50 885.00 185.00 205.83 971.83 896.67
465.67 883.00 185.00 224.50 1017.17 942.83
806.17 869.67 185.00 241.50 1038.83 991.00
1153.33 1262.50 185.83 254.67 1088.00 1702.50
1067.00 1819.17 190.17 269.00 1141.83 1764.17
601.67 1730.00 195.83 284.00 1161.00 1284.17
639.50 1986.83 201.17 296.00 1205.50 1324.33
687.50 2316.17 201.17 315.00 1285.83 1324.33
726.33 2147.00 197.50 936.17 1324.67 1294.50
746.00 1422.33 197.50 575.83 1320.67 1289.83
760.50 1320.50 203.00 990.50 1262.83 1286.17
801.67 1944.50 211.33 1159.17 1714.67 1264.00
843.50 2211.33 226.67 820.33 1986.67 1916.17
868.67 2174.33 352.00 620.83 1431.83 2720.67
1073.67 2299.33 727.67 663.50 1258.00 2835.83
1638.00 2035.33 878.33 708.50 1977.67 2797.17
1732.17 1884.17 1066.00 753.33 2018.83 2679.00
1745.00 1981.67 1179.33 790.33 1751.83 2731.17
1961.67 2055.83 1167.67 840.83 2356.50 2722.17
2081.50 2106.50 1165.50 1395.00 2525.33 2214.50
2019.67 2155.17 1240.00 1638.50 2309.17 1917.00
2049.17 2198.83 1124.00 1243.00 1773.83 1938.00
2084.83 2218.67 737.17 1096.00 2508.33 2018.17
2082.33 2222.33 776.83 1105.50 2868.67 2106.83
2054.00 2232.33 802.00 1134.83 2634.33 2178.00
1704.17 2241.67 829.67 1171.83 2204.00 2222.50
1769.00 2244.33 856.00 1199.83 2223.00 2275.67
1800.50 2244.67 898.00 1236.33 2208.50 2301.83
1826.33 2273.00 1212.83 1707.50 2225.50 2274.67
1851.00 2303.33 1707.33 1330.33 2267.00 2224.83
1845.00 2322.33 2025.00 1337.33 2298.67 2181.67
1826.33 2320.33 2035.17 1349.67 2324.67 2136.17
1825.50 2301.67 1909.50 1382.83 2354.67 2076.33
1796.17 2291.67 1220.00 1427.17 2344.67 2019.00
1729.17 2282.33 1220.00 1454.17 2290.00 1996.50
1651.17 2287.33 1235.50 1459.83 2229.67 2037.83
1565.83 2293.67 1672.17 1478.67 2174.67 2059.83
1462.33 2299.67 1488.67 1525.67 2113.50 2067.83
1375.50 2333.50 1375.67 1578.33 2031.17 2072.50
1300.50 2389.83 1431.00 1884.83 1947.83 2080.17
1234.83 2445.83 1475.00 2348.50 1869.83 2089.67
1187.17 2490.67 1527.67 2470.67 1830.50 2085.67
1163.67 2519.67 1580.00 2507.00 1797.83 2082.83
