129.00 348.25 43.75 47.00 97.62 413.50
126.00 264.00 47.50 49.25 190.75 352.12
123.25 264.25 68.25 54.38 514.62 642.25
119.25 267.50 71.50 44.50 670.00 520.62
116.50 270.00 54.88 65.00 560.25 490.75
159.50 267.75 55.50 69.50 309.62 463.12
125.50 265.50 55.50 75.50 266.12 250.75
176.75 265.50 55.50 82.50 290.00 267.62
139.00 353.25 55.50 90.00 304.75 282.12
223.38 260.50 55.50 72.00 415.75 295.50
344.38 512.88 55.62 102.00 324.75 496.12
312.38 541.38 76.12 80.25 341.75 709.00
179.88 516.75 58.62 84.75 464.50 383.88
190.50 585.50 80.50 118.50 482.88 396.88
205.12 692.12 80.50 93.75 384.12 396.88
217.25 631.88 59.25 279.25 397.00 387.75
298.50 401.38 59.25 147.50 395.50 516.00
227.62 394.50 60.75 286.12 377.00 385.38
239.12 570.38 84.62 346.75 696.12 378.75
252.38 885.12 67.75 224.75 585.62 777.00
260.12 870.88 89.62 185.00 399.12 810.25
295.38 920.50 212.50 198.00 503.50 850.25
486.00 589.25 261.12 211.50 582.62 836.88
519.25 562.75 315.75 301.62 810.38 802.50
699.00 592.38 352.62 236.00 710.38 1092.88
581.12 615.12 349.38 250.62 697.88 814.75
623.62 630.75 467.12 409.12 755.75 637.12
603.62 645.25 371.25 490.12 683.88 574.50
612.62 659.00 328.88 346.50 531.12 579.75
834.00 887.50 220.00 438.50 733.62 603.25
623.38 889.00 232.25 442.38 859.00 630.12
823.25 669.50 240.00 339.50 774.88 652.12
509.12 672.25 248.12 350.75 659.62 665.62
529.50 897.75 256.12 359.00 889.25 681.25
539.62 898.00 268.12 369.88 662.25 690.50
547.25 681.00 347.38 687.38 890.50 910.25
555.00 690.50 500.75 398.75 679.12 666.12
552.75 696.50 603.75 535.00 689.12 873.00
547.62 695.75 608.88 404.50 696.62 639.62
730.25 690.25 567.00 413.75 706.00 621.50
718.88 687.25 366.00 427.00 702.62 604.50
516.62 684.50 366.00 581.75 685.50 798.75
493.38 915.00 370.12 584.00 667.38 610.25
467.38 917.50 500.50 442.75 650.88 617.75
436.25 920.00 432.25 456.25 632.25 827.25
410.62 698.62 411.25 472.25 607.38 621.75
388.50 715.25 428.25 761.88 582.12 832.25
369.12 732.50 441.38 700.12 559.25 626.88
355.00 746.12 457.00 739.75 548.62 625.38
349.00 755.50 472.88 1003.00 538.25 833.25
