time	PM_0	PM_1	PM_2	PM_3	PM_4	PM_5
1669432890.350088988	0	0	0	0	0	0
1669432891.350720825	39	45	43	40	40	32
1669432892.350486226	39	45	43	40	40	32
1669432893.350637143	39	45	43	40	40	32
1669432894.350642335	39	45	43	40	40	32
1669432895.350627317	39	45	43	40	40	32
1669432896.350601128	39	47	43	38	40	32
1669432897.350630369	39	248	43	38	40	32
1669432898.350607503	39	348	43	38	40	32
1669432899.350605470	39	421	43	38	40	32
1669432900.350613812	39	505	43	38	40	32
1669432901.350612752	39	565	43	38	40	32
1669432902.350617193	39	604	43	38	40	32
1669432903.350141351	39	607	43	38	40	32
1669432904.350601391	39	622	43	38	40	32
1669432905.350606541	39	622	43	38	40	32
1669432906.350608065	39	613	43	38	40	32
1669432907.350608939	39	559	43	38	40	32
1669432908.350476836	39	518	43	38	40	32
1669432909.350190892	39	483	43	38	40	32
1669432910.350435697	39	442	43	38	40	32
1669432911.350333747	39	412	43	38	40	32
1669432912.350331010	39	395	43	38	40	32
1669432913.350449399	39	367	43	40	40	32
1669432914.350187702	39	132	43	40	40	32
1669432915.350469995	39	136	43	40	40	32
1669432916.350383319	39	376	43	42	40	32
1669432917.350319402	39	427	43	42	40	32
1669432918.350383637	39	488	43	44	40	32
1669432919.350177977	39	524	43	44	40	32
1669432920.350172240	40	604	43	46	40	34
1669432921.350195126	40	693	43	48	40	34
1669432922.350482172	40	760	43	50	40	34
1669432923.350307860	40	820	43	52	40	34
1669432924.350321544	40	820	43	54	40	34
1669432925.350354667	41	818	43	56	40	34
1669432926.350196788	41	794	43	56	40	34
1669432927.350342006	41	779	43	58	40	34
1669432928.350383003	41	779	43	60	40	34
1669432929.350394669	41	790	43	62	40	34
1669432930.350531264	41	790	43	65	40	36
1669432931.350207132	42	757	43	65	40	36
1669432932.350524191	42	686	43	67	40	36
1669432933.350383732	42	619	43	69	40	36
1669432934.350406408	42	518	43	71	40	36
1669432935.350209011	42	274	43	73	40	36
1669432936.350446279	42	276	43	75	38	36
1669432937.350400081	42	278	43	75	38	38
1669432938.350303776	43	279	43	77	38	38
1669432939.350185235	43	279	43	79	38	38
1669432940.350553922	43	281	43	81	38	38
1669432941.350399318	43	281	43	83	38	38
1669432942.350407627	43	283	43	85	38	38
1669432943.350465530	43	287	43	87	38	38
1669432944.350412866	43	291	43	89	38	38
1669432945.350322743	43	294	43	91	38	38
1669432946.350424336	43	300	43	93	38	40
1669432947.350213484	45	512	43	95	38	40
1669432948.350394568	45	533	43	97	38	40
1669432949.350198967	45	559	43	99	38	40
1669432950.350371627	45	589	43	101	38	40
1669432951.350455889	45	589	43	103	38	40
1669432952.350491495	45	589	43	105	38	40
1669432953.350552327	45	583	43	107	38	40
1669432954.350817551	45	347	43	109	38	40
1669432955.350651334	45	348	43	109	38	40
1669432956.350198033	45	352	43	111	38	40
1669432957.350427782	45	354	43	113	38	42
1669432958.350489743	45	356	43	115	38	42
1669432959.350544979	46	358	43	115	38	42
1669432960.350587178	46	360	45	117	38	42
1669432961.350401772	46	360	45	120	38	42
1669432962.350440487	46	360	45	122	40	42
1669432963.350594257	46	361	45	124	40	42
1669432964.350561241	46	363	45	126	40	42
1669432965.350585609	47	369	45	128	40	44
1669432966.350398238	47	373	45	130	40	44
1669432967.350350228	47	380	45	134	40	44
1669432968.350203870	47	662	45	136	40	44
1669432969.350209879	47	786	45	140	40	44
1669432970.350555954	47	913	45	144	41	46
1669432971.350350102	47	1044	45	362	41	46
1669432972.350209210	48	1073	47	372	43	46
1669432973.350185725	48	1073	47	382	43	48
1669432974.350308863	48	1073	47	384	45	48
1669432975.350517508	48	1032	47	384	45	48
1669432976.350375378	48	975	49	384	47	50
1669432977.350320515	48	921	49	386	47	50
1669432978.350184915	49	846	52	388	49	52
1669432979.350203575	49	744	52	388	49	54
1669432980.350404010	49	503	54	391	51	54
1669432981.350408829	50	507	54	391	51	57
1669432982.350540969	50	511	56	395	51	59
1669432983.350581584	50	512	56	193	53	61
1669432984.350310863	52	512	58	197	53	61
1669432985.350603575	52	512	61	201	53	63
1669432986.350321248	52	511	61	205	55	65
1669432987.350177983	52	509	63	209	55	67
1669432988.350177841	53	505	65	213	57	69
1669432989.350171549	53	501	65	217	57	71
1669432990.350113437	53	498	67	221	58	73
1669432991.350025370	54	494	70	226	58	75
1669432992.350028691	54	494	72	230	60	77
1669432993.350023719	55	494	74	234	62	79
1669432994.350024177	55	494	76	238	62	81
1669432995.350323585	56	706	79	242	64	83
1669432996.350200113	56	753	79	244	64	87
1669432997.350198654	57	755	81	248	66	89
1669432998.350459411	59	770	83	252	68	91
1669432999.350084337	60	788	85	256	70	93
1669433000.350768968	61	788	85	258	72	95
1669433001.350344279	182	712	88	262	74	99
1669433002.350359280	191	516	90	264	75	101
1669433003.350353667	197	518	90	268	77	104
1669433004.350373073	199	518	92	270	79	106
1669433005.350326620	212	518	92	272	81	106
1669433006.350239989	228	516	94	274	83	108
1669433007.350365616	243	514	97	276	85	110
1669433008.350179128	268	511	97	278	89	112
1669433009.350189015	291	507	99	281	91	114
1669433010.350322223	303	501	99	281	92	114
1669433011.350314324	318	496	101	283	94	116
1669433012.350380291	343	490	101	285	96	118
1669433013.350316323	370	484	103	287	100	120
1669433014.350431780	388	481	103	289	102	122
1669433015.350162435	397	479	106	291	104	124
1669433016.350067106	401	477	106	293	106	126
1669433017.350448707	401	475	108	295	108	128
1669433018.350610841	401	708	108	299	109	130
1669433019.350455675	397	788	110	301	111	132
1669433020.350476528	394	807	112	303	113	134
1669433021.350176046	385	807	115	307	115	136
1669433022.350180347	373	723	117	309	117	136
1669433023.350176788	363	479	119	311	119	138
1669433024.350183619	339	481	122	313	121	140
1669433025.350184846	315	484	124	315	123	142
1669433026.350170171	291	486	126	317	125	144
1669433027.350193787	262	490	131	319	126	146
1669433028.350196680	135	494	133	321	130	148
1669433029.350203673	138	496	135	323	132	151
1669433030.350261789	139	499	137	325	134	153
1669433031.350188840	141	501	142	327	138	155
1669433032.350333841	142	503	144	329	140	159
1669433033.350541996	144	503	146	333	142	161
1669433034.350531538	146	503	149	336	145	163
1669433035.350562495	147	501	153	338	147	165
1669433036.350165753	149	498	155	340	149	167
1669433037.350501534	150	498	158	340	153	169
1669433038.350245339	153	496	160	342	155	173
1669433039.350506966	154	496	164	344	157	175
1669433040.350577740	156	496	167	346	160	177
1669433041.350496055	157	498	169	346	162	181
1669433042.350326871	160	697	171	348	166	183
1669433043.350464779	161	794	176	350	168	187
1669433044.350393455	163	848	178	352	170	189
1669433045.350296293	164	872	180	352	174	193
1669433046.350101944	165	885	182	354	176	197
1669433047.350084026	168	887	187	356	177	200
1669433048.350041842	169	893	189	356	181	204
1669433049.350586158	170	893	191	358	183	208
1669433050.350189381	172	893	196	360	185	210
1669433051.350184718	174	896	198	360	189	214
1669433052.350358342	175	896	200	362	191	216
1669433053.350193936	176	893	203	362	193	218
1669433054.350178828	177	885	207	364	194	222
1669433055.350178005	179	872	210	364	196	224
1669433056.350179048	180	814	212	366	200	226
1669433057.350211089	182	593	217	366	202	228
1669433058.350266790	183	591	219	368	204	230
1669433059.350452262	184	587	222	368	206	232
1669433060.350416900	186	581	224	370	208	236
1669433061.350391606	187	576	229	370	210	238
1669433062.350364377	189	570	232	372	211	240
1669433063.350363293	190	566	234	372	213	242
1669433064.350384523	191	561	237	374	213	245
1669433065.350732331	192	559	239	374	215	245
1669433066.350409175	193	555	242	376	217	247
1669433067.350204679	194	555	244	376	219	249
1669433068.350193747	196	747	246	378	221	251
1669433069.350858870	197	777	249	378	223	251
1669433070.350452087	197	777	251	378	227	253
1669433071.350325982	198	773	251	378	230	253
1669433072.350178867	199	568	254	380	232	255
1669433073.350183255	200	572	256	380	236	255
1669433074.350178411	201	578	259	380	240	257
1669433075.350443400	203	583	261	382	244	257
1669433076.350508609	203	587	261	382	246	259
1669433077.350366244	204	591	264	382	249	259
1669433078.350365357	204	594	266	384	253	261
1669433079.350277824	205	594	266	384	255	261
1669433080.350453583	206	594	269	384	259	261
1669433081.350431722	207	593	269	386	261	263
1669433082.350301432	207	591	271	388	264	263
1669433083.350434122	208	585	271	388	266	263
1669433084.350203942	210	580	274	391	270	265
1669433085.350572440	210	574	276	391	272	265
1669433086.350365134	211	570	276	393	276	265
1669433087.350213791	212	566	279	395	278	265
1669433088.350347021	212	563	281	397	281	265
1669433089.350320642	213	561	283	397	283	265
1669433090.350140310	213	561	286	399	285	263
1669433091.350049822	214	561	286	401	289	263
1669433092.350056640	214	563	288	401	291	263
1669433093.350269239	214	565	291	403	295	263
1669433094.350382028	215	566	293	405	296	263
1669433095.351214069	215	568	296	405	300	263
1669433096.352035589	215	570	298	407	302	263
1669433097.350218406	214	572	301	409	306	265
1669433098.350227016	214	574	303	409	308	265
1669433099.350290303	213	576	306	411	312	265
1669433100.350082273	213	578	308	411	313	265
1669433101.350155065	212	580	311	413	315	265
1669433102.350178297	211	580	313	413	319	265
1669433103.350188179	211	578	315	413	321	265
1669433104.350211499	210	578	318	413	323	265
1669433105.350398826	208	574	320	413	325	265
1669433106.350179748	207	570	323	413	327	265
1669433107.350180116	206	565	325	411	329	265
1669433108.350177582	205	559	328	411	330	265
1669433109.350241723	205	552	330	411	332	265
1669433110.350082358	204	546	330	411	334	267
1669433111.350537934	204	544	333	411	338	267
1669433112.350586344	354	542	333	413	340	267
1669433113.350605473	369	540	335	413	342	267
1669433114.351279796	385	542	335	413	344	269
1669433115.350395442	404	546	338	415	346	269
1669433116.350404794	421	895	338	415	347	269
1669433117.351148062	436	1077	338	417	349	269
1669433118.350934850	436	1221	338	417	351	269
1669433119.350428852	436	1284	340	417	353	271
1669433120.350487594	425	1321	340	419	355	271
1669433121.350355309	416	1325	343	419	357	271
1669433122.350045686	406	1336	343	419	359	271
1669433123.350699359	395	1336	345	421	361	271
1669433124.350264812	373	1284	345	421	361	271
1669433125.350138746	221	1193	345	421	363	271
1669433126.350144748	222	1083	348	421	364	271
1669433127.350164104	224	967	348	421	366	271
1669433128.351335270	225	867	350	423	366	273
1669433129.350252416	226	656	350	423	368	273
1669433130.350356815	228	658	352	425	368	273
1669433131.350097766	228	658	352	425	370	273
1669433132.350044908	229	656	352	427	372	273
1669433133.350042051	231	654	355	427	374	273
1669433134.350858667	232	652	355	429	374	273
1669433135.350188656	234	650	355	431	376	273
1669433136.350169523	235	650	357	433	378	273
1669433137.350387221	238	650	357	435	378	273
1669433138.350412326	240	965	360	437	380	275
1669433139.350175814	241	1079	360	439	381	275
1669433140.350622127	244	1079	360	441	383	275
1669433141.350334307	247	1202	360	443	385	277
1669433142.350568998	250	1293	362	446	385	277
1669433143.350581687	252	1387	362	448	387	279
1669433144.350554161	255	1439	362	450	389	279
1669433145.350554518	410	1478	362	452	391	281
1669433146.350188372	415	1478	365	454	393	281
1669433147.350187959	418	1461	365	454	395	283
1669433148.350199869	421	1387	365	456	397	283
1669433149.350193133	424	1306	365	456	398	285
1669433150.350200360	431	1183	367	456	398	285
1669433151.350190201	431	1094	367	458	400	287
1669433152.350187414	430	1023	367	458	402	287
1669433153.350336195	282	952	370	458	404	289
1669433154.350364167	285	734	370	458	406	289
1669433155.350170065	288	736	370	458	408	291
1669433156.350175545	292	736	370	458	408	291
1669433157.350252053	452	734	372	460	410	293
1669433158.350527956	460	732	372	460	412	296
1669433159.350383505	467	731	372	460	412	296
1669433160.350504198	473	727	375	462	414	298
1669433161.350355177	490	723	375	462	414	300
1669433162.350532464	508	721	377	462	414	302
1669433163.350526035	512	719	377	464	415	302
1669433164.350523518	512	719	380	464	415	304
1669433165.350351306	512	719	380	464	417	306
1669433166.350503872	511	723	382	466	417	308
1669433167.350505222	509	921	382	466	417	308
1669433168.350310129	506	1064	385	466	419	310
1669433169.350175868	502	1185	385	466	419	310
1669433170.350507977	502	1187	385	466	421	312
1669433171.350319037	352	1187	387	466	421	314
1669433172.350025279	357	1174	387	466	423	314
1669433173.350386417	360	1163	389	464	423	316
1669433174.350329788	364	1133	389	464	425	316
1669433175.350374953	369	1055	389	464	425	318
1669433176.350169958	372	813	392	464	427	318
1669433177.350199800	374	816	392	464	427	320
1669433178.350378481	379	818	394	462	427	320
1669433179.350295847	382	820	394	462	429	322
1669433180.350527920	385	820	394	462	429	322
1669433181.350410011	388	820	397	462	429	324
1669433182.350454572	391	818	397	460	429	324
1669433183.350172311	394	818	399	460	429	326
1669433184.350133152	397	818	399	460	431	328
1669433185.350383970	401	818	402	460	431	330
1669433186.350396142	404	820	402	460	431	330
1669433187.350304059	407	822	404	460	431	332
1669433188.350176565	410	826	404	462	431	334
1669433189.350108537	413	831	407	462	431	336
1669433190.350214686	416	835	407	462	431	338
1669433191.350392590	419	842	407	462	431	340
1669433192.350521185	421	848	409	464	431	340
1669433193.350319677	424	855	409	464	431	342
1669433194.350378410	427	861	412	466	432	345
1669433195.350387478	428	868	412	466	432	347
1669433196.350083760	431	876	412	468	434	349
1669433197.350071233	433	883	414	468	436	349
1669433198.350578108	436	891	414	468	436	351
1669433199.350514540	437	896	414	470	438	353
1669433200.350171174	439	900	417	470	440	355
1669433201.350175969	440	902	417	470	442	355
1669433202.350128148	442	902	417	470	442	357
1669433203.350181644	442	902	417	470	444	359
1669433204.350172586	442	898	419	470	444	361
1669433205.350170033	442	895	419	470	446	363
1669433206.350168923	442	887	419	470	448	363
1669433207.350421542	440	876	419	470	448	365
1669433208.350102912	439	865	421	470	449	367
1669433209.350025607	437	854	421	470	451	369
1669433210.350084791	436	842	421	470	451	369
1669433211.350015139	433	833	421	472	453	371
1669433212.350526531	431	824	421	472	455	373
1669433213.350485506	430	818	424	474	457	375
1669433214.350577898	428	813	424	474	459	377
1669433215.350102248	428	809	424	476	461	379
1669433216.350574840	427	809	424	478	463	381
1669433217.350176846	427	809	426	478	465	381
1669433218.350170472	425	811	426	480	466	383
1669433219.350174488	425	813	426	482	466	385
1669433220.350175456	424	814	426	482	468	385
1669433221.350179376	422	816	429	484	470	387
1669433222.350182065	422	816	429	484	472	387
1669433223.350395852	421	816	429	486	474	389
1669433224.350333068	421	816	431	486	476	389
1669433225.350323820	419	816	431	488	478	389
1669433226.350171320	419	814	431	488	478	391
1669433227.350176734	419	811	434	488	480	391
1669433228.350162202	419	805	434	488	482	391
1669433229.350071695	421	798	436	490	483	391
1669433230.350463272	421	788	436	490	485	393
1669433231.350514770	422	777	439	490	485	393
1669433232.350083096	422	764	439	490	487	393
1669433233.350089300	424	751	441	490	489	396
1669433234.350603422	425	738	444	490	489	396
1669433235.350366259	425	727	444	490	491	396
1669433236.350201588	427	717	446	490	493	396
1669433237.350545118	428	710	446	490	495	398
1669433238.350520252	430	704	449	490	495	398
1669433239.350319800	430	703	451	490	497	400
1669433240.350524881	431	699	451	490	497	400
1669433241.350200466	431	906	451	490	498	400
1669433242.350393492	433	919	451	490	500	402
1669433243.350517918	433	919	451	490	500	402
1669433244.350316833	433	904	454	492	502	402
1669433245.350176488	431	699	454	492	502	402
1669433246.350174156	431	699	451	492	504	402
1669433247.350336307	430	701	451	492	504	402
1669433248.350177449	428	701	451	492	506	402
1669433249.350080675	425	701	451	492	506	402
1669433250.350423730	424	701	451	492	508	402
1669433251.350172803	421	699	449	492	508	402
1669433252.350172592	419	699	449	492	508	402
1669433253.350195746	418	699	449	492	510	402
1669433254.350496568	415	695	446	492	510	402
1669433255.350086282	413	693	446	492	510	402
1669433256.350575728	412	686	446	492	510	402
1669433257.350175172	410	678	444	492	510	402
1669433258.350083792	409	671	444	492	510	402
1669433259.350596401	409	662	444	492	510	404
1669433260.350604972	407	654	444	492	510	404
1669433261.350616434	406	647	441	494	510	404
1669433262.350335212	406	641	441	494	510	406
1669433263.350337741	404	637	441	496	510	406
1669433264.350451247	404	635	441	496	510	406
1669433265.350612592	403	840	439	498	510	408
1669433266.350561670	401	958	439	498	510	408
1669433267.350528384	400	1092	439	501	510	408
1669433268.350448456	398	1206	439	501	510	410
1669433269.350591132	397	1282	436	501	510	410
1669433270.350376550	395	1346	436	503	510	410
1669433271.350542519	394	1346	436	503	510	412
1669433272.350421744	391	1336	434	505	510	412
1669433273.350511489	389	1286	434	505	512	414
1669433274.350167633	388	1185	434	505	512	414
1669433275.350616875	386	1066	431	507	512	414
1669433276.350547691	385	895	431	507	512	416
1669433277.350772791	383	697	431	507	512	416
1669433278.350347709	382	693	429	507	512	418
1669433279.350487230	380	690	429	509	512	418
1669433280.350404087	379	682	426	509	512	418
1669433281.350622582	377	676	426	509	512	420
1669433282.350555062	377	671	424	509	512	420
1669433283.350407599	376	665	424	511	512	420
1669433284.350578292	374	662	421	511	512	422
1669433285.350594159	374	658	421	511	512	422
1669433286.350439382	373	656	421	513	512	422
1669433287.350261176	373	658	419	513	512	422
1669433288.350093132	373	1023	419	515	512	424
1669433289.350530061	373	1206	417	515	512	424
1669433290.350523543	373	1415	417	517	512	424
1669433291.350533841	372	1551	417	517	512	424
1669433292.350206063	372	1674	417	519	512	424
1669433293.350199993	372	1720	414	519	512	424
1669433294.350397149	372	1739	414	521	512	424
1669433295.350136254	372	1739	414	521	512	424
1669433296.350390404	373	1690	414	523	512	424
1669433297.350409935	374	1582	412	523	512	424
1669433298.350565598	376	1467	412	523	510	424
1669433299.350209689	377	1306	412	523	510	424
1669433300.350622341	380	1133	412	525	510	424
1669433301.350447805	382	813	412	525	510	422
1669433302.350198224	385	814	409	525	508	422
1669433303.350380157	388	813	409	525	508	422
1669433304.350167124	389	809	409	525	508	422
1669433305.350451309	392	803	409	525	506	422
1669433306.350379181	394	798	409	525	506	422
1669433307.350509590	397	792	407	525	506	422
1669433308.350376045	400	786	407	525	506	422
1669433309.350519029	401	781	407	525	504	422
1669433310.350301136	404	775	407	525	504	424
1669433311.350550538	407	773	407	527	504	424
1669433312.350404717	409	772	404	527	502	424
1669433313.350579299	412	772	404	527	502	426
1669433314.350573831	413	773	404	527	502	426
1669433315.350453085	415	773	402	527	500	428
1669433316.350177932	416	775	402	527	500	428
1669433317.350264648	418	777	402	529	500	428
1669433318.350303345	419	781	399	529	500	430
1669433319.350303772	419	783	399	529	498	430
1669433320.350375459	421	786	397	529	498	430
1669433321.350373113	421	792	397	529	498	430
1669433322.350505211	419	796	394	531	498	430
1669433323.352511540	419	799	394	531	497	430
1669433324.350552828	418	803	392	531	497	430
1669433325.350350287	418	805	392	531	497	430
1669433326.350512445	416	807	389	531	497	430
1669433327.350542301	416	807	389	531	497	430
1669433328.350548948	415	805	387	531	497	430
1669433329.350480439	415	801	387	531	497	428
1669433330.350745411	415	799	385	531	497	428
1669433331.350175603	415	794	385	531	497	428
1669433332.350277903	415	790	385	531	497	428
1669433333.350502818	415	786	385	531	497	428
1669433334.350369313	415	783	385	531	497	428
1669433335.350445648	415	781	382	531	497	428
1669433336.350196318	416	781	382	531	497	430
1669433337.350372090	416	783	385	531	497	430
1669433338.350197828	418	786	385	531	497	430
1669433339.350197520	419	792	385	533	497	430
1669433340.350544084	419	798	385	533	498	430
1669433341.350197203	421	1053	385	533	498	430
1669433342.350198383	421	1083	385	533	498	430
1669433343.350187983	421	1092	385	535	498	430
1669433344.350199798	421	1092	385	535	498	432
1669433345.350636495	421	1072	387	535	498	432
1669433346.350490973	421	839	387	535	498	432
1669433347.350559499	421	844	387	537	498	432
1669433348.350463110	419	848	387	537	498	432
1669433349.350539432	419	850	387	537	498	432
1669433350.350348272	419	852	387	539	500	432
1669433351.350208855	419	852	389	539	500	432
1669433352.350590422	419	852	389	539	500	432
1669433353.350479048	419	850	389	539	500	432
1669433354.350433302	419	846	389	541	500	432
1669433355.350082580	419	840	392	541	500	432
1669433356.350089116	419	833	392	541	500	432
1669433357.350621885	419	826	394	543	500	434
1669433358.350615287	419	818	394	543	500	434
1669433359.350561565	419	811	397	545	500	434
1669433360.350543194	421	803	397	545	500	434
1669433361.350533476	421	798	399	547	500	434
1669433362.350592741	421	792	399	549	500	434
1669433363.350350348	422	792	402	549	500	434
1669433364.350532481	422	1066	402	551	500	434
1669433365.350475894	422	1206	402	553	498	434
1669433366.350383823	422	1344	404	553	498	434
1669433367.350333331	422	1435	404	556	498	434
1669433368.350181591	422	1448	407	556	498	434
1669433369.350330227	422	1448	407	558	498	434
1669433370.350353230	422	1439	409	558	498	436
1669433371.350585828	422	1420	409	560	498	436
1669433372.350534033	422	1357	412	560	497	436
1669433373.350213112	421	1249	412	562	497	436
1669433374.350539815	421	1141	412	562	497	436
1669433375.350396692	419	885	412	564	497	436
1669433376.350496082	418	883	412	564	497	436
1669433377.350511738	416	880	414	566	497	436
1669433378.350441468	415	872	414	566	497	438
1669433379.350531995	413	861	414	568	497	438
1669433380.350622619	413	850	414	570	497	438
1669433381.350531944	412	835	414	570	497	438
1669433382.350116833	410	820	414	572	497	438
1669433383.351154736	410	807	412	572	497	440
1669433384.350616926	409	792	412	574	497	440
1669433385.350349428	409	781	412	574	498	440
1669433386.350339786	407	772	412	576	498	442
1669433387.350301295	406	764	412	576	498	442
1669433388.350294367	406	758	412	576	498	442
1669433389.350341935	404	758	412	576	498	445
1669433390.350304421	404	995	412	578	498	445
1669433391.350374681	403	1025	412	578	498	447
1669433392.350476779	403	1044	412	578	498	447
1669433393.350796003	401	1044	412	580	498	449
1669433394.350215883	401	1044	412	580	498	449
1669433395.350341395	401	1040	412	580	498	449
1669433396.350389747	401	1029	412	580	498	451
1669433397.350426363	401	792	412	582	498	451
1669433398.350533269	401	798	412	582	500	451
1669433399.351604959	401	801	412	582	500	451
1669433400.350515984	401	803	412	584	500	451
1669433401.350520110	403	805	412	584	500	451
1669433402.350547380	403	805	412	584	500	451
1669433403.350587791	403	803	414	584	502	451
1669433404.350545290	403	799	414	584	502	451
1669433405.350525518	403	798	414	584	502	451
1669433406.350542072	403	794	417	586	502	451
1669433407.350488546	403	790	417	586	502	451
1669433408.350525209	403	786	419	586	502	453
1669433409.350397382	403	783	421	586	502	453
1669433410.350344848	403	779	421	586	504	453
1669433411.350450179	401	779	424	586	504	453
1669433412.350658291	401	777	426	586	504	453
1669433413.350515353	401	777	426	586	504	453
1669433414.350388954	401	777	429	586	504	455
1669433415.350514485	401	779	429	586	504	455
1669433416.350572974	401	779	431	586	504	455
1669433417.350513873	401	779	434	586	504	457
1669433418.350518898	401	779	434	586	504	457
1669433419.350527579	401	781	436	588	504	457
1669433420.350604640	401	781	439	588	506	457
1669433421.350522001	401	783	439	588	506	459
1669433422.350390437	403	783	441	588	506	459
1669433423.350603127	403	783	444	590	506	459
1669433424.350504669	403	785	444	590	506	461
1669433425.350538653	404	783	446	590	506	461
1669433426.350318809	404	783	449	590	508	461
1669433427.350476614	406	779	449	590	508	461
1669433428.350515927	406	775	451	592	508	461
1669433429.350331780	407	770	454	592	508	461
1669433430.350334832	409	764	454	592	510	463
1669433431.350330194	410	757	456	592	510	463
1669433432.350456206	412	749	458	592	510	463
1669433433.350545965	413	744	458	592	512	463
1669433434.350498791	415	738	461	594	512	463
1669433435.350487343	416	736	461	594	512	463
1669433436.350511272	416	736	463	594	514	463
1669433437.350482101	418	738	466	594	514	463
1669433438.350383829	419	1005	466	594	515	463
1669433439.350573635	419	1034	468	594	515	463
1669433440.350526916	421	1051	468	594	517	465
1669433441.350184677	421	1064	471	594	517	465
1669433442.350337935	421	1064	471	594	519	465
1669433443.350334017	422	1055	473	594	519	465
1669433444.350322394	422	969	473	594	521	467
1669433445.350340026	422	773	473	594	523	467
1669433446.350504628	422	775	476	594	523	469
1669433447.350568653	424	777	476	594	525	469
1669433448.350507926	424	777	476	594	525	469
1669433449.350320557	424	775	476	594	527	471
1669433450.350520086	425	773	476	594	529	471
1669433451.350406529	425	770	476	594	529	471
1669433452.350542420	427	764	478	594	531	471
1669433453.350324008	427	757	478	594	532	471
1669433454.350528836	428	747	478	594	532	473
1669433455.350447676	428	738	478	596	534	473
1669433456.350527147	428	727	478	596	536	473
1669433457.350544340	430	716	476	596	536	473
1669433458.350528142	430	704	476	596	538	473
1669433459.350543121	430	693	476	598	538	473
1669433460.350532423	430	684	476	598	540	475
1669433461.350181997	431	676	476	598	542	475
1669433462.350537074	431	669	476	598	542	475
1669433463.350558525	433	665	476	598	544	477
1669433464.350559718	433	662	476	598	544	477
1669433465.350529468	434	660	476	600	546	479
1669433466.350404926	434	660	478	600	546	479
1669433467.350561508	436	660	478	600	548	481
1669433468.350552003	436	662	478	600	549	481
1669433469.350536894	437	663	478	598	549	483
1669433470.350533464	437	667	481	598	551	483
1669433471.350616694	439	669	481	598	553	485
1669433472.350622113	440	673	483	598	553	487
1669433473.350537196	442	673	483	598	555	487
1669433474.350563101	442	673	483	598	555	489
1669433475.351706378	443	673	486	596	557	489
1669433476.350754195	445	671	486	596	557	491
1669433477.350437980	448	667	488	596	559	491
1669433478.350579483	449	662	488	596	559	494
1669433479.350612282	451	654	488	596	561	494
1669433480.350524047	454	648	491	594	561	494
1669433481.351830287	455	641	491	594	563	494
1669433482.350522387	457	634	493	594	563	494
1669433483.350525438	460	626	493	594	565	494
1669433484.350510351	461	621	495	592	566	494
1669433485.350383953	463	615	495	592	566	494
1669433486.350538973	464	615	498	592	568	496
1669433487.350520675	466	609	498	590	570	496
1669433488.350525375	466	607	500	590	572	496
1669433489.350522572	467	606	500	590	574	496
1669433490.350202563	467	604	503	588	576	496
1669433491.350574897	467	606	503	588	578	496
1669433492.350529754	469	606	503	586	580	496
1669433493.350179991	469	827	505	586	582	496
1669433494.350527161	469	878	505	586	583	496
1669433495.350521198	470	887	505	586	585	496
1669433496.350606299	470	887	505	584	587	496
1669433497.350512007	472	867	505	584	589	496
1669433498.350567370	473	826	505	584	593	494
1669433499.350441969	475	635	503	584	595	494
1669433500.350557039	475	637	503	584	597	494
1669433501.350637106	476	639	503	584	599	494
1669433502.350523769	478	639	503	584	600	496
1669433503.350558941	478	637	503	584	602	496
1669433504.350664939	479	635	503	584	606	496
1669433505.350602858	481	632	500	584	608	496
1669433506.350514369	481	630	500	584	610	496
1669433507.350388530	482	628	500	584	612	498
1669433508.350400338	482	626	500	584	614	498
1669433509.350599625	482	628	498	584	616	498
1669433510.350601389	482	630	498	584	617	500
1669433511.350510533	482	934	498	584	619	500
1669433512.350521000	482	1070	495	584	619	500
1669433513.350556850	482	1224	495	584	621	500
1669433514.350403407	481	1398	493	584	623	502
1669433515.350524053	481	1515	493	584	625	502
1669433516.350525055	479	1515	493	584	627	502
1669433517.350532157	478	1512	491	584	627	504
1669433518.350559715	478	1459	491	584	629	504
1669433519.350537940	476	1394	491	584	631	506
1669433520.350666164	475	1323	491	586	631	508
1669433521.350187416	473	1252	491	586	633	510
1669433522.350265325	472	1126	488	586	634	510
1669433523.350532013	472	964	488	586	634	512
1669433524.350668198	470	734	488	586	636	514
1669433525.350570985	470	736	488	586	636	516
1669433526.350655391	469	736	488	586	636	518
1669433527.350340435	469	732	488	586	638	518
1669433528.350397313	467	729	488	586	638	520
1669433529.350528304	467	723	488	586	640	520
1669433530.350480983	466	717	491	586	640	520
1669433531.350342375	466	712	491	586	640	520
1669433532.350519738	464	708	491	586	640	522
1669433533.350524050	464	703	491	586	642	522
1669433534.350651718	464	701	491	586	642	522
1669433535.350531939	464	699	493	586	642	522
1669433536.350225606	463	701	493	586	642	522
1669433537.350518650	463	704	493	586	642	522
1669433538.350398740	463	1029	493	586	642	522
1669433539.350449489	463	1083	495	586	644	524
1669433540.350529807	461	1088	495	586	644	524
1669433541.350671768	461	1101	495	586	644	526
1669433542.350536151	461	1101	498	584	644	526
1669433543.350483363	461	1062	498	584	644	528
1669433544.350535252	460	1008	500	584	646	528
1669433545.350624345	460	949	500	582	646	528
1669433546.350531186	460	755	503	582	646	530
1669433547.350665235	460	757	503	580	646	530
1669433548.350338278	460	757	505	580	646	530
1669433549.350337999	461	757	505	580	648	530
1669433550.350346263	461	757	508	578	648	530
1669433551.350395672	461	755	508	578	648	532
1669433552.350538934	463	753	510	576	648	532
1669433553.350525181	463	751	510	576	648	532
1669433554.350528437	463	747	513	576	648	530
1669433555.350533034	464	744	513	574	648	530
1669433556.350479462	464	740	513	574	650	530
1669433557.350523370	466	738	513	574	650	530
1669433558.350520389	466	734	515	572	650	528
1669433559.350528054	467	732	515	572	650	528
1669433560.350543271	467	732	515	572	650	526
1669433561.350546072	469	734	515	572	650	526
1669433562.350551594	469	736	518	570	651	524
1669433563.350545539	469	742	518	570	651	524
1669433564.350541042	469	995	518	570	651	522
1669433565.350537703	469	1062	518	570	651	522
1669433566.350532790	469	1111	520	570	653	522
1669433567.350535100	469	1120	520	570	653	520
1669433568.350453192	469	1120	520	568	655	520
1669433569.350411747	467	1088	520	568	655	520
1669433570.350528270	467	1010	520	570	657	520
1669433571.350532609	466	792	523	570	657	520
1669433572.350538572	466	796	523	570	659	520
1669433573.350669953	466	799	523	570	659	518
1669433574.350578654	466	801	523	570	661	518
1669433575.350558168	466	803	523	570	661	518
1669433576.350536656	466	805	523	570	661	518
1669433577.350557589	466	803	523	572	661	518
1669433578.350445510	466	803	520	572	661	518
1669433579.350392975	466	801	520	572	661	518
1669433580.350448976	466	799	520	572	661	518
1669433581.350847217	466	798	520	574	661	516
1669433582.350501916	466	796	520	574	661	516
1669433583.350524325	464	794	520	574	659	516
1669433584.350545419	464	792	520	576	659	516
1669433585.350497349	463	794	518	576	659	518
1669433586.350537194	461	796	518	576	659	518
1669433587.350759101	460	1077	518	578	659	518
1669433588.350515165	460	1183	518	578	657	518
1669433589.351728699	458	1223	518	578	657	518
1669433590.350332057	458	1249	520	580	657	520
1669433591.350454210	457	1271	520	580	655	520
1669433592.351084775	457	1271	520	580	655	520
1669433593.350594642	457	1239	523	580	655	520
1669433594.350592367	457	1204	523	582	653	520
1669433595.350508388	455	1178	525	582	653	520
1669433596.350505308	455	1103	525	582	651	520
1669433597.350499768	455	872	527	582	651	520
1669433598.350645606	455	876	530	584	650	520
1669433599.350503607	455	880	530	584	650	520
1669433600.350495381	454	880	532	584	648	520
1669433601.350645637	454	880	535	586	648	520
1669433602.350367223	454	876	537	586	648	520
1669433603.350498934	454	870	540	586	646	520
1669433604.350527019	452	865	540	586	646	522
1669433605.350515920	452	855	542	588	646	522
1669433606.350481300	452	848	545	588	644	522
1669433607.350533573	452	840	545	590	644	522
1669433608.350529442	452	835	547	590	644	522
1669433609.350524553	452	829	550	592	642	522
1669433610.350516797	454	826	550	592	642	522
1669433611.350390237	454	824	552	594	642	524
1669433612.350291845	454	826	552	594	640	524
1669433613.350295893	454	1042	555	596	640	524
1669433614.350370594	455	1053	555	596	640	524
1669433615.350506890	455	1081	557	596	640	524
1669433616.353325478	457	1113	557	598	640	524
1669433617.353446397	457	1146	560	598	640	524
1669433618.350522207	458	1146	560	600	640	524
1669433619.350200799	460	1070	562	600	640	524
1669433620.350456315	461	857	564	600	640	524
1669433621.350389231	461	859	564	602	640	524
1669433622.350440618	463	861	564	602	640	524
1669433623.350510390	464	861	567	602	640	524
1669433624.350606706	466	859	567	604	640	524
1669433625.350552935	466	857	569	604	642	524
1669433626.350564343	467	854	569	604	642	524
1669433627.350611257	467	848	569	604	642	522
1669433628.350554592	469	840	572	604	642	522
1669433629.350385804	469	833	572	606	642	522
1669433630.350433010	469	827	574	606	642	520
1669433631.350508749	469	822	574	606	642	520
1669433632.350319949	469	816	577	606	642	518
1669433633.350500397	469	814	577	606	642	518
1669433634.350387055	469	813	577	606	642	518
1669433635.350329132	469	813	579	606	642	516
1669433636.350188954	469	814	579	606	642	516
1669433637.350380657	469	818	582	608	642	516
1669433638.350322091	469	822	582	608	642	516
1669433639.350472298	469	826	584	608	642	514
1669433640.350330969	469	829	584	608	642	514
1669433641.350390119	469	833	587	608	642	514
1669433642.350596481	469	839	587	608	642	514
1669433643.350476771	469	842	589	608	642	512
1669433644.350572450	469	848	589	608	642	512
1669433645.350528629	469	852	592	608	642	512
1669433646.350201608	467	854	594	608	642	512
1669433647.350542118	467	855	594	608	642	512
1669433648.350553404	467	857	597	611	640	512
1669433649.350512607	467	857	597	611	640	512
1669433650.350468249	466	857	599	611	640	510
1669433651.350510844	466	854	601	611	640	510
1669433652.350504306	466	848	601	611	640	510
1669433653.350511333	466	844	604	613	640	512
1669433654.350525592	466	839	604	613	640	512
1669433655.350517598	466	833	606	613	638	512
1669433656.350525765	466	829	606	613	638	512
1669433657.350612954	466	827	609	615	638	512
1669433658.350516416	466	824	609	615	636	512
1669433659.350514807	464	824	611	615	636	512
1669433660.350552386	464	824	611	617	636	512
1669433661.350560638	464	826	614	617	634	512
1669433662.350508471	464	1051	614	617	634	512
1669433663.350186901	463	1055	616	619	634	512
1669433664.350557713	463	1055	616	619	633	512
1669433665.350542958	461	842	619	619	633	512
1669433666.350511542	460	846	619	621	633	512
1669433667.350563001	458	850	621	621	631	512
1669433668.350506807	458	854	621	621	631	512
1669433669.350504011	457	857	624	621	631	512
1669433670.350502048	457	859	626	623	631	512
1669433671.350244311	457	861	626	623	631	510
1669433672.350504840	457	861	629	623	631	510
1669433673.350511428	457	861	629	623	631	510
1669433674.350506104	458	857	631	625	629	510
1669433675.350644652	458	854	631	625	629	510
1669433676.350560134	460	846	633	625	629	510
1669433677.350497316	460	840	633	625	629	510
1669433678.350464978	461	833	636	625	629	510
1669433679.350508521	463	826	636	625	629	510
1669433680.350388430	463	818	636	625	629	512
1669433681.350394004	464	811	636	625	629	512
1669433682.350475368	464	805	636	625	629	512
1669433683.350540157	464	799	638	625	629	514
1669433684.350527317	466	796	638	625	629	514
1669433685.350332982	466	792	638	625	629	514
1669433686.350472148	466	788	638	627	629	516
1669433687.350505373	467	786	638	627	629	516
1669433688.353474081	467	785	638	627	629	516
1669433689.350513701	469	781	638	625	631	516
1669433690.350538344	469	781	638	625	631	518
1669433691.350520791	470	779	636	625	631	518
1669433692.350508707	472	777	636	625	631	518
1669433693.351848248	472	775	636	625	631	518
1669433694.350574684	473	773	636	623	631	518
1669433695.350397360	475	773	636	623	631	518
1669433696.350394388	475	772	636	621	633	518
1669433697.350518615	476	770	636	621	633	518
1669433698.350472117	476	768	636	619	633	518
1669433699.350338800	478	766	636	619	633	518
1669433700.350379560	478	762	636	619	633	518
1669433701.350463027	479	757	636	617	633	518
1669433702.350599941	479	751	636	617	633	518
1669433703.350478827	481	745	636	617	634	516
1669433704.350532557	481	740	636	617	634	516
1669433705.350529463	482	734	636	615	634	516
1669433706.350516158	482	729	636	615	634	516
1669433707.350489373	484	725	633	615	634	514
1669433708.350530149	484	721	633	615	636	514
1669433709.350524932	485	719	633	615	636	514
1669433710.350532075	485	719	631	615	636	512
1669433711.350211062	487	719	631	615	636	512
1669433712.350548327	487	721	631	615	636	512
1669433713.350530983	487	725	629	615	636	512
1669433714.350492531	488	729	629	615	638	514
1669433715.350527201	488	732	629	615	638	514
1669433716.350539282	488	736	626	615	638	514
1669433717.350333495	490	740	626	615	638	514
1669433718.350446256	490	744	626	615	638	514
1669433719.350393944	491	745	624	615	640	516
1669433720.350551431	491	747	624	615	640	516
1669433721.350495176	493	747	624	615	640	516
1669433722.350455698	494	745	621	615	640	516
1669433723.350921048	496	744	621	615	640	516
1669433724.350332715	497	740	621	615	642	516
1669433725.351692839	499	736	621	615	642	516
1669433726.351718776	500	732	621	615	642	516
1669433727.351471559	502	729	621	615	642	518
1669433728.352112053	503	727	619	615	644	518
1669433729.351029865	505	723	619	615	644	518
1669433730.350549488	508	721	619	615	644	518
1669433731.350413166	508	721	619	615	646	518
1669433732.350495708	509	721	619	615	646	518
1669433733.350500822	511	721	619	615	646	518
1669433734.350487492	512	725	619	617	648	518
1669433735.350556086	512	965	619	617	648	520
1669433736.350469042	512	1025	619	617	648	520
1669433737.350588500	512	1057	619	617	650	520
1669433738.350589872	512	1098	619	619	650	520
1669433739.350538746	512	1154	619	619	651	522
1669433740.350243371	512	1213	619	619	651	522
1669433741.350523847	512	1251	619	619	651	522
1669433742.350512592	512	1251	619	621	653	522
1669433743.350515785	512	1185	619	621	653	524
1669433744.350562301	512	1107	619	621	655	524
1669433745.350407247	512	1023	619	623	655	526
1669433746.350414263	511	786	619	623	655	526
1669433747.350465886	511	785	619	623	657	528
1669433748.350551283	509	783	619	625	657	530
1669433749.350499568	509	781	619	625	659	530
1669433750.350512160	508	777	619	625	659	532
1669433751.350522830	506	772	619	625	659	534
1669433752.350512025	506	766	619	627	661	536
1669433753.350460265	505	762	619	627	661	536
1669433754.350538865	505	757	619	627	663	538
1669433755.350456277	503	755	619	629	663	540
1669433756.350234463	502	753	619	629	665	540
1669433757.350460440	502	755	619	629	665	542
1669433758.350502015	502	1036	619	631	665	542
1669433759.350379145	500	1228	621	631	667	545
1669433760.350431452	500	1416	621	633	667	545
1669433761.350521761	500	1566	621	633	667	545
1669433762.350173558	500	1681	621	635	668	545
1669433763.350355368	500	1771	621	635	668	545
1669433764.350517982	500	1771	621	637	668	547
1669433765.350512615	500	1765	621	639	668	547
1669433766.350511688	500	1676	621	639	670	547
1669433767.350523166	500	1515	621	641	670	547
1669433768.350460040	500	1329	621	641	670	549
1669433769.350533804	500	1129	621	643	672	549
1669433770.350376444	500	861	621	645	672	549
1669433771.350540700	500	863	621	645	672	549
1669433772.350233535	500	863	621	645	674	551
1669433773.350489614	500	861	621	647	674	549
1669433774.350539750	500	859	621	647	674	549
1669433775.350602614	500	855	621	649	676	549
1669433776.350593863	500	854	621	649	676	549
1669433777.350583366	499	852	621	649	676	547
1669433778.353521694	499	848	621	651	678	547
1669433779.353538147	499	846	621	651	678	545
1669433780.350519506	499	844	621	651	678	545
1669433781.350245377	499	842	621	653	678	545
1669433782.350518770	499	840	621	653	680	542
1669433783.350477751	499	842	621	655	680	542
1669433784.350178088	499	842	621	655	680	542
1669433785.350174760	499	842	621	657	682	542
1669433786.350341109	499	842	621	657	682	542
1669433787.350383986	499	844	621	657	682	540
1669433788.350326077	500	846	621	659	684	540
1669433789.350515800	500	850	621	659	684	540
1669433790.350514858	500	854	621	659	684	540
1669433791.350506289	502	855	621	661	685	538
1669433792.350436729	502	859	621	661	685	538
1669433793.350328103	502	865	621	661	685	538
1669433794.353319047	503	868	621	661	685	538
1669433795.350325514	503	872	621	663	687	536
1669433796.350546586	503	876	621	663	687	536
1669433797.350386089	503	880	621	663	687	536
1669433798.350524839	503	883	621	666	689	536
1669433799.350527968	503	887	624	666	689	536
1669433800.350328023	503	889	624	666	689	536
1669433801.350541092	503	889	624	668	691	536
1669433802.350524437	502	889	624	668	691	536
1669433803.350452623	502	889	624	668	691	536
1669433804.350524539	503	889	624	670	693	536
1669433805.350392400	503	891	624	670	693	536
1669433806.350530868	503	895	626	672	693	538
1669433807.350539038	503	1122	626	672	695	538
1669433808.350196521	505	1135	626	672	695	538
1669433809.350182349	505	1137	626	674	697	538
1669433810.350195019	505	1137	626	674	697	538
1669433811.350338132	505	1137	626	674	699	540
1669433812.350537359	506	1137	626	676	699	540
1669433813.351535256	505	1144	626	676	701	542
1669433814.350554893	505	1144	626	676	701	542
1669433815.350443782	505	941	626	678	702	542
1669433816.350395810	503	945	626	678	702	545
1669433817.350513451	503	947	626	680	704	545
1669433818.350821237	502	949	626	680	704	547
1669433819.350464865	502	949	626	682	704	547
1669433820.350320534	502	950	626	682	704	547
1669433821.350325755	500	950	626	684	704	549
1669433822.350135075	500	949	624	684	706	549
1669433823.350150260	500	945	624	686	706	549
1669433824.350271641	500	941	624	686	706	551
1669433825.350371600	500	936	624	688	706	551
1669433826.350152909	500	936	624	688	706	551
1669433827.350555857	500	932	624	688	706	553
1669433828.350543725	500	926	624	690	708	553
1669433829.350332516	500	919	624	690	708	553
1669433830.350493769	502	911	624	690	708	553
1669433831.350395759	503	906	624	692	708	553
1669433832.350435965	503	898	624	692	708	553
1669433833.350535674	505	891	626	692	708	553
1669433834.350530110	508	887	626	692	708	551
1669433835.350549935	509	883	626	694	710	551
1669433836.350832207	512	881	626	694	710	549
1669433837.351504635	675	881	626	694	710	547
1669433838.350515163	675	883	626	694	710	545
1669433839.350761913	521	885	626	696	710	542
1669433840.350838951	523	889	626	696	710	542
1669433841.350511865	525	893	626	696	710	540
1669433842.350596840	527	895	629	696	710	538
1669433843.350813727	528	898	629	698	710	536
1669433844.350332624	531	900	629	698	712	534
1669433845.350383896	533	902	629	698	712	532
1669433846.350518137	534	902	629	700	712	532
1669433847.350553257	536	900	629	700	712	530
1669433848.352026526	536	896	629	700	712	530
1669433849.350434093	537	889	629	700	712	530
1669433850.350557196	539	880	629	700	712	530
1669433851.350382557	539	868	629	700	712	530
1669433852.350657390	540	857	629	700	712	530
1669433853.350407087	540	846	629	700	712	530
1669433854.350530787	540	833	629	700	712	530
1669433855.351648532	540	824	631	700	712	530
1669433856.350687309	540	816	631	700	712	528
1669433857.350490679	540	811	631	700	712	528
1669433858.350905175	540	809	631	700	712	526
1669433859.350515984	540	807	631	700	712	526
1669433860.350478922	540	1012	631	700	712	526
1669433861.350512973	540	1012	633	700	712	524
1669433862.350502697	540	814	633	700	712	522
1669433863.350495585	540	818	636	702	712	522
1669433864.350499890	540	824	636	702	712	522
1669433865.350408370	542	1075	638	702	712	522
1669433866.350502765	542	1157	638	702	712	522
1669433867.350152626	542	1238	641	702	712	522
1669433868.350296208	543	1238	641	702	714	522
1669433869.350348112	543	1183	641	704	714	522
1669433870.350302507	543	1109	643	704	714	522
1669433871.350404105	543	1055	643	704	714	522
1669433872.350580779	545	868	646	704	716	522
1669433873.350495108	545	870	646	704	716	524
1669433874.350498112	545	868	648	704	716	524
1669433875.350419135	546	867	648	704	716	524
1669433876.350543879	546	865	651	706	718	524
1669433877.350494645	548	863	651	706	718	524
1669433878.350508690	549	861	651	706	718	524
1669433879.350501973	549	859	653	706	718	524
1669433880.350383457	551	857	653	706	718	524
1669433881.350503442	552	857	656	708	718	524
1669433882.350517223	554	857	656	708	718	524
1669433883.350535598	555	855	656	708	718	526
1669433884.350509677	557	855	658	710	718	526
1669433885.350489187	557	854	658	710	718	526
1669433886.350461468	557	854	661	710	718	528
1669433887.350442722	558	854	661	710	718	528
1669433888.350502892	558	852	661	712	716	530
1669433889.350501977	558	850	663	712	716	530
1669433890.350469287	558	848	663	712	716	530
1669433891.350312561	558	848	663	712	716	532
1669433892.350492780	558	846	666	712	716	532
1669433893.350450299	558	844	666	712	716	534
1669433894.350352984	558	844	666	712	714	534
1669433895.350429552	558	842	666	712	714	534
1669433896.350511264	560	839	668	714	712	534
1669433897.350502321	560	833	668	714	712	536
1669433898.350609176	560	827	668	714	712	536
1669433899.350379241	560	822	668	716	710	536
1669433900.350503676	561	816	668	716	710	536
1669433901.350376557	561	811	670	716	708	538
1669433902.350377946	563	807	670	718	708	538
1669433903.350275121	563	803	670	721	708	538
1669433904.350512091	564	799	670	721	706	538
1669433905.350367594	564	798	670	723	706	540
1669433906.350487879	566	799	673	723	706	540
1669433907.350579728	567	995	673	723	706	540
1669433908.350585222	569	1029	673	725	704	542
1669433909.350501136	570	1105	673	725	704	542
1669433910.350321864	570	1133	675	725	704	545
1669433911.350414271	572	1174	675	727	704	545
1669433912.350442278	573	1206	675	727	702	545
1669433913.350315659	575	1245	678	727	702	547
1669433914.350166878	575	1254	678	727	702	547
1669433915.350326763	576	1260	678	727	702	549
1669433916.350308508	578	1280	678	727	702	549
1669433917.350312740	579	1280	680	729	702	551
1669433918.350465475	579	1215	680	729	702	551
1669433919.350544490	581	1156	680	729	701	553
1669433920.350577844	582	1111	680	729	701	555
1669433921.350317297	582	887	680	729	701	555
1669433922.350169570	582	891	680	731	701	557
1669433923.350166446	582	895	683	731	701	559
1669433924.350182488	582	896	683	731	701	561
1669433925.350167082	582	898	683	731	701	563
1669433926.350173122	581	898	683	733	701	565
1669433927.350335785	579	898	683	733	701	567
1669433928.350502703	579	900	683	733	701	569
1669433929.350320017	579	900	683	733	701	571
1669433930.350497785	579	900	683	735	701	573
1669433931.350536058	579	902	683	735	699	575
1669433932.350574072	579	902	683	735	699	575
1669433933.350463743	581	904	683	735	699	577
1669433934.350381451	581	906	683	735	699	577
1669433935.350342608	582	908	683	735	699	579
1669433936.350318922	582	909	683	735	699	579
1669433937.350332444	582	911	683	735	699	581
1669433938.350506605	584	913	683	735	699	581
1669433939.350375313	584	913	685	735	701	581
1669433940.350175764	584	915	685	735	701	583
1669433941.350312139	584	915	685	735	701	583
1669433942.350382856	584	915	685	735	701	583
1669433943.350520541	584	915	685	733	701	583
1669433944.350318771	584	915	685	733	702	583
1669433945.350166808	584	913	688	733	702	583
1669433946.350175334	585	911	688	733	702	585
1669433947.350325763	585	909	688	733	704	585
1669433948.350386800	585	906	688	733	704	585
1669433949.350312235	585	902	688	733	706	585
1669433950.350379609	587	896	688	735	708	587
1669433951.350515209	587	893	688	735	708	587
1669433952.350502294	587	891	688	735	710	587
1669433953.353268378	587	887	688	735	710	587
1669433954.350182222	587	885	688	735	712	589
1669433955.350507174	587	881	685	735	712	589
1669433956.350312233	587	878	685	737	712	589
1669433957.350505179	587	874	685	737	714	589
1669433958.350501035	587	870	685	737	714	589
1669433959.350429540	587	867	685	737	716	589
1669433960.350566494	587	865	685	737	716	589
1669433961.350312703	587	863	685	739	716	589
1669433962.350170565	587	859	683	739	716	589
1669433963.350177867	587	857	683	739	718	591
1669433964.350177263	585	857	683	739	718	591
1669433965.350317088	585	857	683	739	718	591
1669433966.350498695	585	857	683	739	718	591
1669433967.350492455	585	859	683	739	718	591
1669433968.350501912	584	859	683	739	718	591
1669433969.350502240	584	859	680	739	718	591
1669433970.350505063	582	859	680	739	718	591
1669433971.350415963	582	859	680	739	719	591
1669433972.350495796	581	859	680	739	719	594
1669433973.350499585	581	859	680	739	719	594
1669433974.350496810	581	859	680	741	719	594
1669433975.350509679	581	861	680	741	719	594
1669433976.350544074	581	861	680	741	719	594
1669433977.350363863	581	861	678	741	719	594
1669433978.350516619	581	863	678	741	719	594
1669433979.350177106	581	865	678	741	719	594
1669433980.350500634	581	1083	678	741	721	594
1669433981.350499346	581	1083	678	743	721	596
1669433982.350509924	581	1068	678	743	721	596
1669433983.350502109	581	874	678	743	723	596
1669433984.350459207	581	878	678	743	723	596
1669433985.350448519	581	881	678	743	723	596
1669433986.350298612	581	1081	675	743	723	596
1669433987.350319606	579	1111	675	743	723	598
1669433988.350319793	579	1111	675	743	725	598
1669433989.350162778	579	1098	675	743	725	598
1669433990.350321132	579	906	675	743	725	598
1669433991.350170599	579	911	675	743	725	598
1669433992.350339900	578	915	675	743	725	598
1669433993.350187643	578	917	675	743	727	598
1669433994.350320310	576	919	675	743	727	598
1669433995.350316631	576	919	675	741	727	598
1669433996.350524888	575	919	675	741	729	596
1669433997.350169541	573	917	675	741	729	596
1669433998.350501965	572	913	675	741	729	596
1669433999.350303422	572	911	675	741	731	596
1669434000.350369658	570	906	675	741	731	594
1669434001.350443059	569	902	675	741	731	594
1669434002.350523177	567	898	675	741	733	594
1669434003.350535017	567	896	675	741	733	591
1669434004.350501018	566	893	673	741	733	591
1669434005.350415444	564	889	673	741	734	589
1669434006.350438479	564	887	673	741	734	589
1669434007.350322348	563	885	673	741	736	589
1669434008.350411811	561	885	673	741	736	589
1669434009.350502902	560	883	673	741	736	587
1669434010.350495884	558	1087	673	741	738	587
1669434011.350465613	557	1087	673	741	738	587
1669434012.350574775	555	885	673	741	738	585
1669434013.350581401	554	885	673	739	740	585
1669434014.350580029	552	887	673	739	740	585
1669434015.350578585	551	889	673	739	740	585
1669434016.350454179	549	889	673	737	740	585
1669434017.350363584	549	891	673	737	742	583
1669434018.350534508	548	891	673	737	742	583
1669434019.350618635	546	889	673	735	742	583
1669434020.350544151	545	887	673	735	744	583
1669434021.350440571	545	883	675	735	744	583
1669434022.350423651	543	880	675	733	744	581
1669434023.350513973	542	876	675	733	746	581
1669434024.350368589	540	870	675	733	746	581
1669434025.350496308	540	867	678	733	746	581
1669434026.350449399	539	863	678	733	748	581
1669434027.350372195	539	861	678	733	748	581
1669434028.350544256	539	859	678	733	750	581
1669434029.350513944	537	857	678	731	750	583
1669434030.350514430	537	857	678	731	750	583
1669434031.350320433	537	857	678	731	750	583
1669434032.350502691	537	857	678	731	751	583
1669434033.350371293	537	861	678	731	751	585
1669434034.350521334	537	865	678	731	751	585
1669434035.350304454	537	870	678	731	751	585
1669434036.350500088	537	1131	678	731	751	585
1669434037.350504062	537	1178	678	731	751	587
1669434038.350499055	537	1187	678	731	751	587
1669434039.350513086	537	1187	678	729	750	587
1669434040.350326372	537	1182	678	729	750	587
1669434041.350464548	537	1133	678	729	750	587
1669434042.350506349	537	904	675	729	750	587
1669434043.350391361	537	906	675	727	748	587
1669434044.350413247	537	906	675	727	748	587
1669434045.350537062	537	904	675	727	748	587
1669434046.350580980	537	904	675	727	748	589
1669434047.350557908	537	906	675	725	748	589
1669434048.350333229	537	908	675	725	746	589
1669434049.350499412	537	909	673	725	746	591
1669434050.353271823	539	913	673	725	746	591
1669434051.350513030	539	1154	673	725	746	591
1669434052.350318322	539	1217	673	725	746	594
1669434053.350376761	539	1256	673	725	744	594
1669434054.350316271	539	1310	673	725	744	596
1669434055.350321437	539	1310	673	725	744	596
1669434056.350381741	539	1290	673	725	744	598
1669434057.350394570	539	1232	673	727	744	598
1669434058.350483099	537	1230	673	727	744	600
1669434059.350517267	537	1230	673	727	744	600
1669434060.350623644	537	1230	673	727	744	602
1669434061.350794213	537	1217	673	727	744	602
1669434062.350526743	536	1213	673	727	744	604
1669434063.350490323	536	988	673	727	746	604
1669434064.350431942	536	990	673	727	746	604
1669434065.350479637	534	990	673	727	746	606
1669434066.352017004	534	990	673	727	746	606
1669434067.350504626	534	988	673	727	746	606
1669434068.350380260	533	986	673	727	748	606
1669434069.350358794	533	982	673	727	748	606
1669434070.350511642	533	978	673	729	748	606
1669434071.350320559	533	975	675	729	748	606
1669434072.350421354	533	971	675	729	748	606
1669434073.350540747	533	967	675	729	748	606
1669434074.350491362	534	964	675	731	748	604
1669434075.350531518	534	960	678	731	748	604
1669434076.350497707	534	956	678	731	750	604
1669434077.350162841	534	954	678	731	750	604
1669434078.350496300	534	954	680	731	750	604
1669434079.350563809	534	954	680	733	750	604
1669434080.350510109	534	1159	680	733	750	604
1669434081.350507430	534	1211	683	733	750	604
1669434082.350592582	534	1265	683	733	750	602
1669434083.350533779	534	1288	685	733	751	602
1669434084.350454971	536	1292	685	733	751	602
1669434085.350332459	536	1292	685	733	751	602
1669434086.350426200	536	1292	688	733	751	602
1669434087.350549244	537	1200	688	733	751	602
1669434088.350536032	539	977	690	733	751	604
1669434089.350532602	539	977	690	733	751	604
1669434090.350525178	540	977	693	733	751	604
1669434091.350168256	542	975	693	735	751	604
1669434092.350420234	543	971	693	735	751	604
1669434093.350586280	545	967	695	735	751	604
1669434094.350586302	545	964	695	735	751	606
1669434095.350504563	545	958	698	735	751	606
1669434096.350532087	546	954	698	733	751	606
1669434097.350313205	546	949	700	733	751	608
1669434098.350179628	546	943	700	733	751	608
1669434099.350170463	545	939	703	733	751	608
1669434100.350313548	545	934	703	733	751	608
1669434101.350489682	545	928	705	731	751	608
1669434102.350489908	545	926	705	731	751	610
1669434103.350485801	545	924	707	731	751	610
1669434104.350534978	545	924	707	731	751	610
1669434105.350313575	545	924	710	731	751	610
1669434106.350409888	543	924	710	731	751	610
1669434107.350597243	543	926	712	729	751	610
1669434108.350575852	543	928	712	729	751	610
1669434109.350233577	543	930	712	729	753	612
1669434110.350503639	543	934	715	731	753	612
1669434111.350523341	542	937	715	731	753	612
1669434112.350545557	542	941	715	731	753	612
1669434113.350489308	540	943	717	731	753	612
1669434114.350486067	540	947	717	731	753	612
1669434115.350306009	540	949	717	731	753	612
1669434116.350499745	539	950	717	731	753	612
1669434117.350523784	539	952	717	731	753	612
1669434118.350497048	539	954	720	731	753	612
1669434119.350406438	537	956	720	733	753	612
1669434120.350313377	537	956	720	733	753	612
1669434121.350498292	536	958	722	733	753	610
1669434122.350581501	536	956	722	735	753	610
1669434123.350583196	534	952	725	735	753	610
1669434124.350338662	534	949	725	735	753	608
1669434125.350453132	533	943	725	735	751	608
1669434126.350493260	533	937	727	737	751	608
1669434127.350163961	533	932	727	737	751	608
1669434128.350166112	531	924	730	737	751	608
1669434129.350298310	531	919	730	737	751	608
1669434130.350541975	530	913	730	737	751	608
1669434131.350581185	528	908	732	737	751	608
1669434132.350570094	528	906	732	739	751	608
1669434133.350301842	527	904	735	739	753	608
1669434134.350357079	527	902	735	739	753	608
1669434135.350525160	525	900	735	739	753	608
1669434136.350488102	525	898	737	739	753	608
1669434137.350517120	525	895	737	739	753	608
1669434138.350541544	525	891	737	739	753	608
1669434139.350552567	524	887	739	739	753	606
1669434140.350181757	524	881	739	737	753	606
1669434141.350584196	524	876	739	737	753	606
1669434142.350449482	524	868	742	737	753	606
1669434143.350497196	524	861	742	737	753	604
1669434144.350326918	524	854	742	735	753	604
1669434145.350357327	523	846	744	735	753	604
1669434146.350387609	523	839	744	735	755	602
1669434147.350472167	523	831	747	733	755	602
1669434148.350467591	523	824	747	733	755	602
1669434149.350382823	523	816	747	733	755	602
1669434150.350450578	523	809	747	731	755	600
1669434151.350326422	523	801	749	731	755	600
1669434152.350334035	523	796	749	731	755	600
1669434153.350333895	523	788	749	729	757	598
1669434154.350323808	524	783	752	729	757	598
1669434155.350513997	524	779	752	727	757	598
1669434156.350364589	525	775	752	727	757	598
1669434157.350496985	525	772	752	725	757	598
1669434158.350306371	527	770	752	723	757	598
1669434159.350539270	527	768	754	723	757	596
1669434160.350585192	528	766	754	721	757	596
1669434161.350443527	530	764	754	718	757	596
1669434162.350647484	530	762	754	716	759	596
1669434163.351844326	531	760	754	716	759	596
1669434164.350498714	531	758	754	714	759	596
1669434165.350323482	531	757	757	712	759	596
1669434166.350451485	533	753	757	710	759	596
1669434167.350312457	533	749	757	708	761	596
1669434168.350178189	533	744	757	706	761	596
1669434169.350313874	534	738	757	704	761	596
1669434170.350409914	534	731	757	704	761	596
1669434171.350471478	534	721	757	702	763	596
1669434172.350329057	536	714	757	700	763	596
1669434173.350149621	536	704	757	698	763	596
1669434174.350139839	536	697	757	696	763	596
1669434175.350165857	536	697	757	696	763	594
1669434176.350171877	536	690	757	694	763	594
1669434177.350313173	536	682	757	692	763	594
1669434178.350464222	536	676	754	690	765	594
1669434179.350324447	536	673	754	688	765	594
1669434180.350508254	536	669	754	688	765	591
1669434181.350497512	534	667	754	686	765	591
1669434182.350406923	534	665	754	684	765	591
1669434183.350379342	534	665	754	682	765	589
1669434184.350168559	533	663	752	680	765	587
1669434185.350336446	533	663	752	678	765	587
1669434186.350387655	533	663	752	678	765	585
1669434187.350466696	534	663	752	676	765	583
1669434188.350510558	534	663	752	674	765	583
1669434189.350528402	536	663	749	672	765	581
1669434190.350593178	536	663	749	672	765	579
1669434191.353342799	537	663	749	670	765	577
1669434192.350318603	537	662	749	670	765	575
1669434193.350504312	539	660	747	668	765	573
1669434194.350456423	539	656	747	668	765	573
1669434195.350418332	539	652	747	666	763	571
1669434196.350636504	539	647	747	666	763	569
1669434197.350529528	540	641	747	663	763	567
1669434198.350312041	540	635	744	661	763	565
1669434199.350354021	540	630	744	661	763	565
1669434200.350356937	540	622	744	659	761	563
1669434201.350459690	540	619	744	657	761	561
1669434202.350497062	540	613	742	655	761	561
1669434203.350517163	540	609	742	653	761	559
1669434204.350374314	542	607	742	651	759	557
1669434205.350326933	542	604	739	651	759	557
1669434206.350496301	542	602	739	649	759	555
1669434207.350497508	542	600	739	647	759	553
1669434208.350498197	542	598	739	645	757	553
1669434209.350511936	542	598	737	643	757	551
1669434210.350375378	542	596	737	641	757	551
1669434211.350499189	540	594	737	639	757	551
1669434212.350501898	540	594	737	637	757	549
1669434213.350413936	540	593	737	635	755	549
1669434214.350499670	540	593	737	633	755	549
1669434215.350450344	540	591	735	631	755	549
1669434216.352981968	539	591	735	629	755	547
1669434217.350456622	539	591	735	629	755	547
1669434218.350409753	539	591	735	627	755	547
1669434219.350312024	537	589	735	625	755	545
1669434220.350312443	537	589	735	623	755	545
1669434221.350376132	537	589	735	621	755	542
1669434222.350411004	536	589	735	619	753	542
1669434223.350498369	536	589	735	617	753	540
1669434224.350603830	534	587	735	617	753	540
1669434225.350507165	534	587	735	615	753	538
1669434226.350510162	533	585	735	613	753	538
1669434227.350490981	531	583	735	611	753	536
1669434228.350401168	531	583	735	611	753	534
1669434229.350319025	530	581	735	608	753	534
1669434230.350382160	528	580	735	606	751	532
1669434231.350373547	527	578	735	606	751	530
1669434232.350375089	525	578	732	604	751	528
1669434233.350646653	525	576	732	602	751	528
1669434234.350327656	524	576	732	602	750	526
1669434235.350442698	523	576	730	600	750	524
1669434236.350516101	521	574	730	598	750	522
1669434237.350428061	520	574	730	598	750	520
1669434238.350174543	518	574	727	596	750	520
1669434239.350173051	518	574	727	596	748	518
