time	PM_0	PM_1	PM_2	PM_3	PM_4	PM_5
1669441500.602842683	0	0	0	0	0	0
1669441501.602781321	0	48	40	42	38	30
1669441502.602927441	40	47	40	42	38	30
1669441503.602956189	40	47	43	42	38	30
1669441504.602911641	40	47	43	42	38	30
1669441505.603080978	40	47	43	42	38	30
1669441506.603069355	40	47	43	42	38	30
1669441507.603065271	40	47	43	42	38	30
1669441508.603076792	40	47	43	42	38	30
1669441509.603284071	40	47	43	42	38	30
1669441510.603243277	40	47	43	42	40	30
1669441511.603204989	40	47	43	42	40	30
1669441512.603754271	40	47	43	42	40	30
1669441513.603414285	40	47	43	42	40	32
1669441514.603260938	40	47	43	42	40	32
1669441515.603262721	40	47	43	42	40	32
1669441516.603289946	40	47	43	42	40	32
1669441517.609542165	40	47	43	42	40	32
1669441518.603253421	40	47	43	42	40	32
1669441519.603206267	40	47	43	42	40	32
1669441520.602982502	40	47	43	42	40	32
1669441521.604058204	40	47	43	42	40	32
1669441522.604226976	40	47	43	42	40	32
1669441523.602971182	40	47	43	42	40	32
1669441524.603623161	40	47	43	42	40	32
1669441525.603616832	40	47	43	42	40	32
1669441526.604438808	40	47	43	42	40	32
1669441527.603591687	40	47	43	42	40	32
1669441528.603338664	40	47	43	44	40	32
1669441529.603085680	40	47	43	44	40	32
1669441530.603170260	40	47	43	44	40	32
1669441531.603251444	40	47	43	44	40	32
1669441532.603079041	40	47	45	44	40	32
1669441533.603239847	40	47	45	44	40	32
1669441534.602905121	40	47	45	44	40	32
1669441535.603274160	40	47	45	44	40	32
1669441536.603212100	40	47	45	44	40	32
1669441537.603237404	40	47	45	44	40	32
1669441538.603191668	40	47	45	44	40	32
1669441539.603243618	40	47	45	44	40	32
1669441540.603239318	40	47	43	44	40	32
1669441541.603244116	40	47	43	44	40	32
1669441542.603221410	40	47	43	44	40	32
1669441543.603234884	40	47	43	44	40	32
1669441544.603210810	40	47	43	44	40	32
1669441545.603241810	40	47	43	44	40	32
1669441546.603242930	40	47	43	44	40	32
1669441547.603202579	40	47	43	44	40	32
1669441548.603248095	40	47	43	44	40	32
1669441549.603263523	40	47	43	44	40	32
1669441550.603294929	40	47	43	44	40	32
1669441551.603268817	40	47	43	44	40	32
1669441552.603164176	40	47	45	44	40	32
1669441553.603413915	40	47	45	44	40	32
1669441554.603421068	40	47	45	44	40	32
1669441555.603286461	40	47	45	44	40	32
1669441556.603010493	40	47	45	44	40	32
1669441557.603602555	40	47	45	42	40	32
1669441558.603171307	40	47	45	42	40	32
1669441559.603761004	40	47	45	42	40	32
1669441560.604190338	40	47	45	42	40	32
1669441561.603796620	41	47	45	42	40	32
1669441562.603247669	41	48	45	42	40	32
1669441563.603111436	41	48	45	42	40	32
1669441564.602914000	41	48	45	42	40	32
1669441565.603233982	41	48	45	42	40	32
1669441566.603228582	41	48	45	42	40	32
1669441567.603194438	41	50	45	42	40	32
1669441568.603261996	41	50	45	42	40	32
1669441569.603238958	41	50	45	42	40	32
1669441570.603227789	41	50	45	42	40	32
1669441571.603270960	41	50	45	42	40	32
1669441572.603106409	41	52	45	42	40	32
1669441573.603212544	41	52	45	42	40	32
1669441574.603219584	41	52	45	42	40	32
1669441575.603146745	41	54	45	42	40	32
1669441576.603314272	41	54	45	42	40	32
1669441577.603321642	41	56	45	42	40	32
1669441578.603293767	41	56	45	42	40	32
1669441579.602993322	42	58	45	42	40	32
1669441580.603074818	42	60	45	42	40	32
1669441581.603182144	42	60	45	42	40	32
1669441582.603222766	42	61	45	42	40	32
1669441583.603189025	42	61	45	42	40	32
1669441584.603243552	43	63	45	42	40	32
1669441585.603191165	43	65	43	42	40	32
1669441586.603284598	43	65	43	42	40	32
1669441587.603228277	43	67	43	42	40	32
1669441588.603206410	43	69	43	42	40	32
1669441589.603259849	43	69	43	42	40	32
1669441590.603215410	43	71	43	42	40	32
1669441591.603232371	43	73	43	42	40	32
1669441592.603147565	45	73	43	42	40	32
1669441593.603313072	45	75	43	42	40	32
1669441594.603244274	45	76	43	42	40	32
1669441595.603240726	45	78	43	42	40	32
1669441596.603240758	45	80	43	42	40	32
1669441597.603234243	45	82	43	42	40	32
1669441598.603228320	45	84	43	42	40	32
1669441599.603140555	45	86	43	44	40	32
1669441600.603031685	45	88	43	44	40	32
1669441601.603240815	45	89	43	46	40	32
1669441602.603257646	45	91	43	46	40	32
1669441603.603149582	45	93	43	46	40	32
1669441604.603064600	45	95	43	48	40	32
1669441605.603069759	45	97	43	48	40	32
1669441606.603044661	45	99	43	50	40	32
1669441607.603250781	45	101	43	50	40	32
1669441608.603058375	45	102	43	52	40	32
1669441609.603074364	45	104	43	52	38	32
1669441610.603068387	45	106	43	54	38	32
1669441611.603249443	45	108	43	54	38	32
1669441612.603250593	45	110	43	56	38	32
1669441613.603262871	45	112	43	56	38	32
1669441614.603215981	45	114	43	58	38	32
1669441615.603209296	45	115	43	60	38	32
1669441616.603206113	45	117	43	60	38	32
1669441617.603079177	46	117	43	62	38	32
1669441618.602922057	46	119	43	65	38	32
1669441619.602922988	46	121	43	67	38	32
1669441620.602918800	46	123	43	69	38	32
1669441621.602909787	46	123	43	71	38	32
1669441622.603208180	46	125	43	73	38	32
1669441623.603134600	46	127	43	75	38	32
1669441624.602929283	46	127	43	79	38	32
1669441625.603135172	46	129	43	81	38	32
1669441626.603258924	46	130	43	83	38	32
1669441627.602918169	46	132	43	85	38	32
1669441628.603133294	46	134	43	87	38	32
1669441629.603176641	46	136	43	91	38	32
1669441630.603268415	46	138	43	93	38	32
1669441631.603074528	46	140	43	95	38	32
1669441632.603094022	46	142	43	97	38	32
1669441633.603258734	46	143	43	99	38	32
1669441634.603077074	46	145	43	103	38	32
1669441635.603059774	46	147	43	105	38	32
1669441636.603227485	46	149	43	107	38	32
1669441637.603260564	46	151	43	111	38	32
1669441638.603220586	46	153	43	113	38	32
1669441639.603265088	46	153	43	327	38	32
1669441640.603258420	46	155	43	354	38	32
1669441641.603254320	46	156	43	376	38	32
1669441642.603136235	46	158	43	388	38	32
1669441643.603260799	46	158	43	401	38	32
1669441644.603079337	46	160	43	401	38	32
1669441645.603275221	46	162	43	401	38	32
1669441646.603256776	46	162	43	401	38	32
1669441647.603164073	46	164	43	376	38	32
1669441648.603213108	46	166	43	152	38	32
1669441649.603266790	46	166	43	154	38	32
1669441650.603336851	46	168	43	158	38	32
1669441651.603210337	47	168	43	160	38	32
1669441652.603239029	47	168	43	162	38	32
1669441653.603267807	47	169	43	166	38	32
1669441654.603259096	47	169	43	168	38	32
1669441655.603181120	47	169	43	170	40	32
1669441656.603265457	47	171	43	175	40	32
1669441657.603073186	47	171	45	177	40	32
1669441658.603066761	47	171	45	179	40	32
1669441659.603075845	47	173	47	183	40	32
1669441660.603130854	47	173	49	185	40	32
1669441661.603128063	47	175	52	189	40	32
1669441662.603291147	48	175	296	193	40	32
1669441663.603131035	48	175	318	195	40	32
1669441664.603251367	48	177	335	199	40	32
1669441665.603346635	48	177	335	203	40	34
1669441666.603244827	48	179	330	454	41	34
1669441667.603281303	47	179	306	482	41	34
1669441668.603056558	47	179	72	501	41	34
1669441669.603249016	47	181	72	513	41	34
1669441670.603222638	47	181	74	529	41	34
1669441671.603257996	47	181	74	543	43	34
1669441672.603159839	47	181	76	592	43	34
1669441673.603276576	47	183	76	637	43	34
1669441674.603270854	47	183	76	655	43	34
1669441675.603233976	47	183	76	655	43	34
1669441676.602931944	47	183	79	653	45	34
1669441677.602932587	47	184	79	653	45	34
1669441678.602935637	47	184	81	653	45	34
1669441679.603136783	47	186	81	649	45	36
1669441680.604816749	48	186	83	635	45	36
1669441681.603415998	48	186	88	621	45	36
1669441682.603959594	48	188	90	576	45	36
1669441683.603892631	48	188	92	533	45	36
1669441684.604735482	49	188	97	315	47	36
1669441685.603259654	49	188	343	319	47	36
1669441686.603248531	49	188	343	321	49	38
1669441687.603241511	50	186	106	323	51	38
1669441688.603241323	50	186	106	325	53	38
1669441689.603266948	50	186	108	327	255	38
1669441690.603243907	52	184	110	327	279	38
1669441691.603085806	52	184	112	329	304	40
1669441692.603185763	53	184	112	331	329	40
1669441693.603298882	53	183	115	331	330	40
1669441694.602927578	53	183	117	333	342	42
1669441695.604307594	54	181	117	336	346	42
1669441696.603072744	54	181	119	336	372	42
1669441697.604336971	55	179	119	338	408	44
1669441698.603355728	55	177	122	340	448	44
1669441699.603185477	56	177	124	342	489	44
1669441700.603615455	56	175	126	344	536	46
1669441701.603219629	57	173	128	346	555	46
1669441702.602893385	57	173	128	348	561	46
1669441703.603041106	59	171	131	348	561	46
1669441704.602896255	60	171	133	350	561	48
1669441705.603030967	61	169	135	350	534	48
1669441706.602897336	61	169	140	352	504	48
1669441707.602893443	62	169	142	352	474	48
1669441708.602894103	63	168	146	352	453	48
1669441709.602919239	64	168	146	352	453	50
1669441710.602920088	64	168	417	352	455	50
1669441711.603167635	66	166	535	352	478	50
1669441712.603290410	67	166	535	352	517	52
1669441713.603434284	67	166	597	352	557	52
1669441714.603359797	68	164	663	352	616	52
1669441715.603251193	68	164	725	352	648	54
1669441716.603051924	69	164	776	352	682	54
1669441717.602912658	69	162	821	354	706	57
1669441718.602912212	70	162	855	354	708	57
1669441719.602907959	70	160	875	356	708	59
1669441720.603069507	71	160	897	356	702	59
1669441721.603127292	71	158	919	358	701	59
1669441722.603131670	71	158	919	358	687	61
1669441723.603124145	73	156	895	358	659	61
1669441724.603264814	73	156	845	360	651	63
1669441725.603271614	73	155	808	360	651	63
1669441726.602916875	73	155	769	360	651	63
1669441727.602920036	73	155	727	360	651	65
1669441728.602924114	73	155	685	360	655	65
1669441729.602920294	74	156	648	360	667	67
1669441730.603059289	74	156	604	360	667	67
1669441731.603056889	74	156	569	358	661	67
1669441732.603072703	74	158	318	358	640	69
1669441733.603093934	74	160	323	356	616	69
1669441734.603121512	74	160	328	356	587	71
1669441735.603059253	74	162	335	354	534	71
1669441736.603130108	74	164	340	354	325	73
1669441737.603254628	74	166	348	354	329	73
1669441738.603126554	74	166	352	354	332	75
1669441739.603254792	74	168	357	354	336	75
1669441740.603255902	74	169	362	354	340	77
1669441741.603210911	74	171	370	354	344	77
1669441742.603142154	74	173	375	354	347	79
1669441743.603215681	74	173	380	354	351	79
1669441744.603150939	74	175	385	354	355	81
1669441745.603257241	74	177	389	354	359	83
1669441746.603292798	74	179	394	354	363	83
1669441747.603348188	74	179	397	354	366	85
1669441748.603241684	74	181	402	354	370	85
1669441749.603079534	74	183	404	354	372	87
1669441750.603262449	74	184	407	354	376	89
1669441751.603252538	74	186	407	352	378	89
1669441752.603123502	74	188	409	352	380	91
1669441753.603126815	74	190	409	352	381	93
1669441754.603080253	74	190	412	350	385	93
1669441755.603062667	74	192	412	350	387	95
1669441756.603228318	74	194	414	348	391	95
1669441757.603256277	74	386	414	346	395	97
1669441758.603068502	74	404	417	346	400	97
1669441759.603269295	74	421	419	344	406	99
1669441760.603264754	74	432	424	344	412	99
1669441761.603264495	74	449	426	342	642	99
1669441762.603256510	74	466	431	342	689	101
1669441763.603260209	74	468	434	574	721	101
1669441764.603129300	74	470	439	608	746	104
1669441765.603260236	75	470	444	631	759	104
1669441766.603242448	75	468	449	661	759	104
1669441767.603170247	75	462	451	694	750	106
1669441768.603236683	76	455	454	737	733	106
1669441769.603294861	76	445	458	751	718	108
1669441770.602924085	76	434	461	751	701	108
1669441771.603067574	77	235	461	737	493	110
1669441772.603174057	77	237	463	704	500	110
1669441773.603130936	78	238	463	686	506	112
1669441774.603218990	78	238	463	678	510	112
1669441775.603255738	78	240	463	678	515	114
1669441776.603261765	79	242	466	686	519	114
1669441777.603211553	79	244	466	702	521	116
1669441778.603248667	79	246	468	725	525	116
1669441779.603255793	79	250	471	741	527	116
1669441780.603262177	81	251	476	757	529	118
1669441781.603123602	81	255	481	790	531	118
1669441782.603257196	81	259	488	820	531	120
1669441783.603127815	81	263	493	851	532	120
1669441784.603073393	81	265	500	879	532	120
1669441785.603250187	81	268	505	912	531	122
1669441786.603095900	81	272	510	930	531	124
1669441787.602924569	81	276	515	941	529	126
1669441788.602925784	79	279	520	941	527	128
1669441789.603071917	79	281	523	934	525	130
1669441790.603072848	79	285	525	924	521	345
1669441791.603081334	79	287	527	900	519	365
1669441792.603265608	79	289	530	867	517	381
1669441793.603261837	79	291	530	831	515	383
1669441794.603130796	79	292	532	786	515	383
1669441795.603268363	79	294	532	747	515	377
1669441796.603270937	79	296	532	704	515	365
1669441797.603267294	79	296	530	492	515	157
1669441798.603297936	79	298	530	496	515	159
1669441799.603273189	79	298	527	501	515	163
1669441800.602928034	79	300	525	507	517	167
1669441801.603143686	79	300	520	511	517	169
1669441802.603277397	79	300	515	515	517	173
1669441803.603269230	81	302	510	519	515	387
1669441804.603192652	81	302	505	523	515	408
1669441805.603164559	81	304	500	529	514	426
1669441806.602930273	82	306	495	533	512	440
1669441807.603194139	82	307	491	537	510	455
1669441808.603271586	83	311	488	541	508	465
1669441809.603078591	83	313	483	759	508	469
1669441810.603268667	84	317	483	786	506	469
1669441811.603127136	84	320	737	804	504	467
1669441812.603301183	85	324	828	826	502	455
1669441813.603081118	86	328	850	847	502	449
1669441814.602921006	88	330	850	865	502	442
1669441815.602917724	89	333	813	879	504	432
1669441816.603654133	90	335	774	894	740	226
1669441817.602913132	91	339	752	894	802	230
1669441818.602898275	92	341	749	890	863	232
1669441819.603058306	92	341	747	871	935	236
1669441820.602897960	96	343	735	857	1010	238
1669441821.603025614	97	345	488	857	1057	242
1669441822.603020967	99	347	491	857	1084	245
1669441823.603116359	99	348	491	861	1101	249
1669441824.603244175	100	348	493	871	1110	251
1669441825.603240902	226	350	495	888	1120	255
1669441826.603256484	247	354	498	892	1127	257
1669441827.603256791	262	356	498	898	1133	259
1669441828.603062965	276	358	500	918	1137	263
1669441829.602919187	289	360	503	928	1137	265
1669441830.603186879	304	363	505	932	1135	269
1669441831.603253707	322	572	508	932	1133	271
1669441832.603130074	331	598	510	928	1131	275
1669441833.603244456	345	622	781	916	1127	277
1669441834.603252863	346	645	831	708	1123	281
1669441835.603258061	349	663	843	714	1120	283
1669441836.603255573	354	676	848	721	1106	287
1669441837.603251245	364	684	848	727	1088	289
1669441838.603262549	383	688	853	733	1078	293
1669441839.603211379	403	690	853	741	1074	296
1669441840.603258558	419	695	853	747	1071	300
1669441841.602930798	433	695	850	753	1065	302
1669441842.602910999	440	695	808	761	1065	304
1669441843.603178951	448	691	560	767	1067	306
1669441844.603254828	455	684	564	773	1069	308
1669441845.603215491	460	684	567	780	1082	310
1669441846.603254834	472	686	572	788	1097	314
1669441847.603250742	478	693	577	794	1099	316
1669441848.603121670	478	703	838	800	1099	318
1669441849.603324261	478	714	855	804	1099	322
1669441850.603072198	472	729	870	810	1099	324
1669441851.602923702	467	744	897	814	1099	328
1669441852.603072137	467	760	917	818	1097	332
1669441853.603165374	467	783	939	822	1084	336
1669441854.603261737	464	809	969	826	1074	340
1669441855.603160001	458	824	991	831	1065	345
1669441856.603174282	454	833	1008	833	1031	351
1669441857.602917064	452	837	1020	837	972	567
1669441858.602924219	452	837	1020	839	774	575
1669441859.602921779	463	831	1016	843	774	583
1669441860.602926690	473	827	1001	845	774	589
1669441861.602916504	481	824	981	849	772	608
1669441862.603059939	488	820	971	851	770	634
1669441863.603260576	494	809	961	855	768	653
1669441864.603351749	500	803	956	859	767	663
1669441865.603297595	500	799	949	863	765	663
1669441866.603232585	494	799	939	865	763	657
1669441867.603263463	494	799	695	869	763	651
1669441868.603252351	494	803	700	873	765	638
1669441869.603249620	485	807	705	875	767	418
1669441870.603200794	472	813	707	877	770	424
1669441871.602921823	458	820	710	881	774	428
1669441872.602923004	440	827	712	883	778	430
1669441873.603057807	282	831	715	883	784	434
1669441874.603072275	285	833	720	886	789	436
1669441875.603123410	289	833	974	886	795	436
1669441876.603268552	292	833	991	888	801	438
1669441877.603250176	295	835	1018	888	808	438
1669441878.603252323	298	835	1062	888	814	440
1669441879.603269188	301	833	1104	888	819	440
1669441880.603247928	304	829	1134	888	825	440
1669441881.603247685	307	827	1156	888	831	440
1669441882.603252398	309	827	1156	888	838	440
1669441883.603254658	310	829	1149	888	844	442
1669441884.603059979	313	835	1141	890	850	442
1669441885.603215675	315	840	1136	890	853	445
1669441886.603183718	316	848	1136	890	859	447
1669441887.603259558	318	848	1136	892	865	449
1669441888.603058435	319	848	1122	892	869	451
1669441889.603062908	321	846	1102	894	872	453
1669441890.602921420	322	844	848	894	874	457
1669441891.602987721	324	656	855	894	878	459
1669441892.603159643	327	663	865	896	880	461
1669441893.602924241	328	671	873	896	884	465
1669441894.602919077	330	676	880	896	886	467
1669441895.602922155	331	682	882	896	889	469
1669441896.602921859	333	688	887	896	891	471
1669441897.602921299	336	693	890	898	895	473
1669441898.602918598	337	697	890	898	899	473
1669441899.602920159	339	701	890	898	903	475
1669441900.602919981	340	704	890	898	906	477
1669441901.602929809	342	708	890	898	910	479
1669441902.602922217	345	712	887	898	914	483
1669441903.602924545	346	714	887	896	918	485
1669441904.602924312	349	716	885	896	920	487
1669441905.602923733	352	717	885	896	921	489
1669441906.602920653	355	719	882	896	921	491
1669441907.602923443	360	721	882	898	921	494
1669441908.602926992	363	721	882	898	921	498
1669441909.602922609	366	723	882	900	920	500
1669441910.602922198	370	725	885	902	916	504
1669441911.602921056	373	727	885	904	914	508
1669441912.602918474	377	729	887	906	910	726
1669441913.602925112	534	731	890	910	906	749
1669441914.602932326	552	732	892	912	903	753
1669441915.602925053	573	734	895	914	901	753
1669441916.602921455	594	736	897	916	897	526
1669441917.602925643	620	738	902	918	893	530
1669441918.602925543	644	740	905	920	889	532
1669441919.602942084	687	742	907	922	886	534
1669441920.602927684	717	742	910	924	884	534
1669441921.602919480	744	742	912	924	880	534
1669441922.602919592	765	742	914	926	878	534
1669441923.602918104	787	740	917	928	876	534
1669441924.602927318	802	738	919	928	872	534
1669441925.602921456	816	736	919	930	870	534
1669441926.602921482	830	734	922	930	867	536
1669441927.602915053	830	732	922	930	865	536
1669441928.603064905	823	732	924	930	861	536
1669441929.603055806	817	731	927	930	857	538
1669441930.603118264	813	731	927	928	855	538
1669441931.603256823	810	729	929	928	852	540
1669441932.603120663	807	729	932	926	848	542
1669441933.603219777	801	729	934	924	844	542
1669441934.603209730	795	731	937	922	838	545
1669441935.603275220	786	731	939	922	835	547
1669441936.603175878	778	731	942	920	831	551
1669441937.603060867	759	731	942	920	827	553
1669441938.603067037	730	729	944	920	823	555
1669441939.603219823	688	727	944	918	818	559
1669441940.603068698	488	725	942	918	814	561
1669441941.603175762	488	723	942	918	810	565
1669441942.603263421	488	719	939	916	808	569
1669441943.603167944	488	716	937	916	804	571
1669441944.603254444	488	712	932	916	801	573
1669441945.603076460	488	706	929	914	799	577
1669441946.603069174	488	703	924	914	797	579
1669441947.603054524	488	697	919	914	797	579
1669441948.603118609	488	691	917	912	797	581
1669441949.603215504	488	686	912	912	797	583
1669441950.603172860	488	680	907	912	799	583
1669441951.603265655	488	676	905	912	801	583
1669441952.603066617	490	671	900	914	804	583
1669441953.603252008	491	665	895	914	808	583
1669441954.603059602	493	660	892	914	814	583
1669441955.602923947	494	656	887	914	816	583
1669441956.602923873	496	650	885	916	819	585
1669441957.602921610	497	645	880	916	821	585
1669441958.602924385	651	639	878	916	821	585
1669441959.602919805	662	634	873	916	823	587
1669441960.602923578	668	626	870	918	823	589
1669441961.602936678	675	621	865	918	825	591
1669441962.602923197	675	613	863	918	825	594
1669441963.602929554	673	606	858	918	825	596
1669441964.602934028	672	598	855	918	825	600
1669441965.602925222	672	591	850	918	825	602
1669441966.602934718	523	585	845	918	827	606
1669441967.602927231	527	578	841	920	827	610
1669441968.602986452	530	572	836	920	827	614
1669441969.602928609	534	566	831	922	829	618
1669441970.602927064	539	561	823	924	829	620
1669441971.602947312	542	555	818	926	829	624
1669441972.602927581	546	550	813	930	829	628
1669441973.602927691	551	544	808	932	829	632
1669441974.602928919	554	540	801	936	829	636
1669441975.602926248	558	535	796	941	829	638
1669441976.602928029	563	529	791	943	829	642
1669441977.602932709	566	525	784	947	829	645
1669441978.602928674	570	520	779	951	831	649
1669441979.602926550	573	516	774	955	831	651
1669441980.602933329	576	511	767	961	833	865
1669441981.603079622	578	507	762	965	835	881
1669441982.603169836	581	501	757	969	835	900
1669441983.603212398	584	498	752	971	836	914
1669441984.603066199	587	494	747	975	836	926
1669441985.603073957	590	490	742	979	836	943
1669441986.603073105	593	486	739	981	836	955
1669441987.603259067	596	484	737	985	836	963
1669441988.603060608	600	481	735	987	836	973
1669441989.603071426	603	477	735	991	835	981
1669441990.603078893	608	473	732	993	835	987
1669441991.602945679	612	471	730	996	833	989
1669441992.603085550	615	470	730	1000	833	992
1669441993.603003293	618	468	727	1002	831	996
1669441994.603295842	623	466	725	1004	831	998
1669441995.602938290	626	466	722	1006	831	998
1669441996.603301104	629	464	720	1008	833	1002
1669441997.603218114	632	464	717	1008	833	1004
1669441998.603136009	635	466	712	1008	833	1004
1669441999.603146089	638	466	710	1010	835	1006
1669442000.603227508	639	468	705	1008	835	1010
1669442001.603256355	642	470	698	1008	836	1014
1669442002.603176956	644	470	693	1006	838	1016
1669442003.603197416	647	665	688	1006	838	1018
1669442004.602930248	648	684	680	1004	840	1022
1669442005.602935501	650	691	675	1004	840	1024
1669442006.602932718	650	701	668	1002	842	1026
1669442007.603090133	651	717	663	1002	842	1030
1669442008.602935615	651	731	658	1002	842	1034
1669442009.602932978	651	745	653	1002	842	1043
1669442010.602930264	651	757	648	1002	840	1053
1669442011.602930989	650	772	646	1002	840	1061
1669442012.602941768	650	786	643	1002	838	1069
1669442013.602931446	648	803	641	1004	838	1075
1669442014.602931029	647	822	638	1006	836	1081
1669442015.602940089	645	839	636	1006	835	1087
1669442016.602928154	644	844	633	1010	833	1094
1669442017.602928831	642	854	631	1012	833	1094
1669442018.602935234	641	861	629	1016	831	1094
1669442019.603140103	639	865	626	1020	831	1092
1669442020.603270477	638	865	624	1024	829	1092
1669442021.603143770	636	861	621	1028	829	1094
1669442022.603273053	635	859	619	1032	829	1096
1669442023.603131955	633	852	614	1034	829	1100
1669442024.603082934	633	844	611	1038	829	1104
1669442025.603082651	632	837	609	1040	829	1106
1669442026.603240495	632	837	606	1042	829	1106
1669442027.603267133	632	837	604	1042	829	1106
1669442028.603275273	632	837	601	1044	827	1106
1669442029.603147623	633	840	601	1046	825	1106
1669442030.603085125	635	850	601	1046	825	1106
1669442031.604255247	636	850	601	1048	823	904
1669442032.603070931	639	850	870	1048	821	908
1669442033.603150331	642	850	905	1051	819	912
1669442034.604125992	645	848	937	1051	819	916
1669442035.604160923	648	848	961	1053	819	920
1669442036.603080348	651	837	984	1055	819	924
1669442037.602912317	654	822	1003	1055	819	1136
1669442038.603035981	656	801	1018	1057	821	1147
1669442039.603039194	657	779	1030	1057	823	1157
1669442040.603035606	659	779	1033	1057	823	1165
1669442041.603272911	659	574	1045	1057	825	1179
1669442042.603133621	659	578	1048	1057	827	1185
1669442043.603177348	657	580	1048	1057	827	1187
1669442044.603294481	657	583	1043	1057	827	1192
1669442045.603253708	654	587	1030	1057	827	1194
1669442046.603250193	653	589	1011	1055	827	1194
1669442047.603281436	650	591	986	1055	825	1196
1669442048.603325420	645	594	966	1055	823	992
1669442049.603259935	642	596	954	1053	823	998
1669442050.603211060	638	598	954	1053	821	1004
1669442051.603284461	635	602	954	1051	819	1008
1669442052.603264227	630	604	944	1051	818	1014
1669442053.603255841	626	607	690	1051	814	1020
1669442054.603239781	621	609	695	1048	812	1026
1669442055.603257531	618	611	698	1048	810	1032
1669442056.603128512	614	613	700	1046	806	1036
1669442057.603254291	611	615	705	1046	802	1043
1669442058.603247950	606	617	707	1044	799	1047
1669442059.603121957	603	617	712	1044	797	1053
1669442060.603214063	600	617	715	1042	791	1057
1669442061.603267170	597	617	717	1040	787	1063
1669442062.603256162	596	619	722	1038	784	1067
1669442063.603253913	593	619	725	1036	780	1071
1669442064.603131550	591	619	727	1034	774	1075
1669442065.603074469	590	621	732	1030	770	1079
1669442066.603127892	588	621	735	1028	765	1083
1669442067.603125078	587	622	739	1026	761	1087
1669442068.603219035	585	624	742	1022	755	1089
1669442069.603137720	584	624	747	1020	751	1094
1669442070.603295604	584	626	749	1016	748	1096
1669442071.602934741	582	628	754	1014	744	1098
1669442072.602931488	582	628	759	1010	740	1102
1669442073.602922695	582	630	762	1008	738	1104
1669442074.602929292	581	632	767	1006	736	1104
1669442075.603262629	581	634	769	1002	734	1106
1669442076.603270995	579	635	772	1000	734	1108
1669442077.603225477	578	637	776	998	733	1110
1669442078.603259322	576	637	779	996	734	1110
1669442079.603133417	575	639	781	991	734	1112
1669442080.603240267	572	641	786	989	734	1112
1669442081.603254327	569	641	791	987	734	1114
1669442082.603268922	566	643	796	983	736	1114
1669442083.603255771	563	643	801	981	736	1114
1669442084.603262776	560	643	806	979	736	1114
1669442085.603237547	558	645	811	975	736	1114
1669442086.603122058	555	645	818	973	736	1114
1669442087.602923118	552	645	823	971	734	1114
1669442088.602927311	551	645	831	967	734	1114
1669442089.602921402	548	645	836	965	733	1112
1669442090.602933539	546	645	843	963	731	1112
1669442091.602922822	543	643	848	959	729	1110
1669442092.602924406	542	643	853	957	729	1110
1669442093.602928610	540	641	858	955	727	1108
1669442094.603148758	539	639	860	951	725	1108
1669442095.603067602	537	637	865	949	725	1106
1669442096.603074040	536	634	868	947	725	1106
1669442097.603225268	534	632	868	943	725	1104
1669442098.603058516	534	628	870	941	725	1104
1669442099.603064957	533	624	870	936	727	1102
1669442100.603274925	533	621	873	932	727	1102
1669442101.603268067	533	619	873	928	729	1100
1669442102.602958097	694	615	873	924	731	1100
1669442103.603266450	712	611	873	920	733	1098
1669442104.603268262	727	607	873	914	734	1096
1669442105.603078151	742	606	873	910	736	1094
1669442106.603265230	756	602	870	904	738	1094
1669442107.603259483	774	598	870	900	740	1092
1669442108.603274566	786	596	870	894	742	1089
1669442109.603352507	793	593	870	890	744	1087
1669442110.603092744	796	591	873	886	746	1085
1669442111.603321934	801	587	873	879	748	1083
1669442112.603266425	802	585	873	875	750	1081
1669442113.603089932	805	581	875	871	751	1077
1669442114.603286513	805	578	878	867	753	1075
1669442115.603258556	810	576	878	863	755	1073
1669442116.603263983	810	574	880	859	757	1069
1669442117.603271335	811	570	880	855	759	1067
1669442118.603259638	811	568	880	851	761	1063
1669442119.603270732	816	565	880	847	765	1061
1669442120.603275890	817	563	880	843	767	1057
1669442121.603240178	817	559	880	839	770	1055
1669442122.603081020	819	557	878	835	774	1051
1669442123.603086575	820	553	875	831	776	1049
1669442124.602932761	820	552	873	824	780	1047
1669442125.603082258	820	550	870	820	782	1043
1669442126.603080003	826	546	865	814	974	1040
1669442127.602936249	830	544	863	810	987	1036
1669442128.603085527	835	544	858	804	993	1034
1669442129.602931105	836	542	853	798	995	1032
1669442130.602935645	836	542	848	790	1004	1028
1669442131.602931363	835	542	843	784	1018	1026
1669442132.602926867	832	542	838	776	1025	1022
1669442133.603070658	830	542	833	769	1029	1020
1669442134.603132509	830	742	828	763	1029	1016
1669442135.603325766	827	770	823	755	1023	1014
1669442136.602930597	822	788	818	749	1018	1010
1669442137.603065260	814	805	811	743	1018	1008
1669442138.603286086	805	820	806	737	1021	1006
1669442139.603086737	798	827	801	733	1021	1002
1669442140.602940696	793	839	796	727	1025	1000
1669442141.602938515	790	844	791	723	1025	998
1669442142.602943629	787	852	786	718	1025	994
1669442143.602963592	783	857	781	714	829	992
1669442144.602943157	633	861	779	710	833	989
1669442145.602945831	638	867	776	706	836	987
1669442146.603096644	644	874	774	702	840	983
1669442147.603148500	648	881	774	698	844	981
1669442148.603277905	653	889	774	694	848	979
1669442149.603237598	657	893	774	690	852	977
1669442150.603087546	662	895	774	686	855	973
1669442151.603142812	666	895	1057	682	861	971
1669442152.603154955	669	895	1112	678	865	969
1669442153.603090656	673	895	1129	674	869	967
1669442154.602943607	678	895	1129	670	874	965
1669442155.603151998	682	896	1109	666	878	965
1669442156.603315676	838	896	1087	661	884	963
1669442157.603238719	860	896	1070	655	889	961
1669442158.603338189	881	889	1055	651	893	959
1669442159.603256599	892	889	1055	645	899	957
1669442160.603283857	896	891	1055	639	903	955
1669442161.603280045	896	893	1060	633	908	955
1669442162.603215492	893	893	1072	627	912	953
1669442163.603282375	884	889	1090	619	916	951
1669442164.603393908	877	883	1112	613	920	949
1669442165.603097149	730	880	1119	604	921	949
1669442166.603397009	735	876	1119	596	925	947
1669442167.603242772	739	874	1114	588	927	947
1669442168.603285676	744	690	1102	582	929	945
1669442169.603152151	748	691	1082	574	931	945
1669442170.603195006	753	695	823	566	933	945
1669442171.603283194	757	699	826	558	935	943
1669442172.603232159	762	703	826	551	937	943
1669442173.603177330	765	704	826	545	938	943
1669442174.603179155	769	708	826	539	940	945
1669442175.603074085	769	710	826	533	942	945
1669442176.602898927	777	712	826	527	944	945
1669442177.602901067	781	716	828	521	946	947
1669442178.602928560	781	717	828	517	950	947
1669442179.602932021	784	719	831	513	952	949
1669442180.602935775	789	723	831	511	955	951
1669442181.602927208	792	725	833	507	957	953
1669442182.602936413	795	729	836	505	961	955
1669442183.603076794	798	732	838	501	963	955
1669442184.603096076	801	734	841	498	965	957
1669442185.603226875	804	738	845	496	967	959
1669442186.603076877	807	742	848	494	969	961
1669442187.603192441	810	745	850	492	970	963
1669442188.603299251	811	749	853	490	972	965
1669442189.603256219	814	753	855	490	974	967
1669442190.603268762	816	757	858	490	976	969
1669442191.603268829	819	758	860	490	976	969
1669442192.602940652	820	762	863	490	978	971
1669442193.603306873	822	764	865	729	978	973
1669442194.603259301	823	766	868	771	980	975
1669442195.603301573	824	770	870	812	982	977
1669442196.603274035	826	772	873	835	982	979
1669442197.603265315	826	773	875	835	984	981
1669442198.603247820	827	775	878	831	984	983
1669442199.603312242	829	777	880	816	984	985
1669442200.603255684	829	779	882	804	986	987
1669442201.603257904	830	779	885	782	986	989
1669442202.603299783	830	781	887	749	987	992
1669442203.603310268	832	783	890	716	989	996
1669442204.603308436	832	783	892	501	989	998
1669442205.603255113	833	785	895	501	991	1000
1669442206.603134690	833	785	897	501	993	1002
1669442207.603129987	835	786	900	501	993	1006
1669442208.603185278	835	786	902	498	995	1008
1669442209.603180057	835	788	905	501	997	1010
1669442210.603130480	836	788	910	501	997	1012
1669442211.603262531	836	788	912	501	997	1016
1669442212.603071502	836	790	917	501	997	1018
1669442213.603218857	836	790	922	501	997	1020
1669442214.603083220	836	790	927	503	997	1022
1669442215.602938479	835	790	932	503	997	1024
1669442216.602934291	835	790	937	505	997	1026
1669442217.603184800	833	790	942	505	995	1028
1669442218.603069712	833	792	947	507	995	1030
1669442219.603138501	832	792	951	509	993	1032
1669442220.603173890	832	792	956	513	993	1032
1669442221.603275257	830	790	964	515	991	1034
1669442222.603277515	829	790	969	519	989	1036
1669442223.603269182	829	790	974	523	989	1036
1669442224.603270933	827	790	981	737	987	1038
1669442225.603333858	827	788	986	755	986	1038
1669442226.603308332	826	788	991	773	984	1040
1669442227.603068574	826	788	998	792	982	1040
1669442228.603285289	824	786	1003	810	980	1043
1669442229.603265706	824	786	1011	820	976	1043
1669442230.603264109	824	786	1018	833	974	1045
1669442231.603224766	824	785	1023	845	972	1045
1669442232.603262955	824	785	1030	855	970	1047
1669442233.603233110	824	785	1035	867	969	1047
1669442234.603138269	824	783	1040	881	967	1049
1669442235.603140053	824	783	1045	900	965	1049
1669442236.603263667	824	783	1048	916	963	1051
1669442237.604711501	824	781	1053	932	961	1051
1669442238.603351062	824	781	1055	957	959	1051
1669442239.603203681	824	781	1057	985	957	1051
1669442240.603142535	824	779	1060	1018	957	1051
1669442241.603181176	826	779	1060	1044	955	1053
1669442242.603104292	826	779	1060	1073	954	1051
1669442243.603083664	826	779	1062	1103	952	1051
1669442244.603085319	824	777	1065	1136	950	1051
1669442245.603075814	824	777	1065	1165	948	1051
1669442246.603230081	824	775	1067	1179	946	1051
1669442247.603300628	823	773	1070	1187	944	1051
1669442248.603306945	822	773	1072	1191	942	1051
1669442249.603258388	822	772	1075	1195	940	1051
1669442250.603372104	820	772	1077	1199	938	1051
1669442251.603139545	819	770	1080	1199	937	1049
1669442252.603083034	817	770	1082	1191	935	1049
1669442253.603075575	817	768	1085	1171	933	1049
1669442254.603315242	816	768	1087	1146	931	1049
1669442255.603259638	816	768	1090	1114	929	1049
1669442256.603323786	816	770	1092	1081	927	1049
1669442257.602926105	816	770	1092	1055	925	1049
1669442258.602936299	816	772	1094	1028	925	1047
1669442259.603131402	816	982	1097	1012	923	1047
1669442260.603068584	816	999	1102	1010	921	1047
1669442261.603262494	816	1016	1104	1010	921	1045
1669442262.603303403	816	1036	1107	1014	920	1045
1669442263.603318103	816	1060	1112	1020	920	1045
1669442264.603275469	816	1081	1114	1032	920	1043
1669442265.603265221	816	1096	1383	1044	918	1043
1669442266.603302534	816	1105	1393	1057	918	1043
1669442267.603179828	816	1107	1395	1069	918	1040
1669442268.603073957	816	1109	1398	1075	918	1040
1669442269.603077381	814	1113	1410	1077	916	1040
1669442270.603065186	814	1113	1417	1077	916	1038
1669442271.603223591	814	1109	1417	1077	916	1038
1669442272.603179378	813	1101	1415	1079	914	1038
1669442273.603247317	813	1092	1154	1089	914	1038
1669442274.603247421	811	1083	1159	1099	912	1036
1669442275.603307590	811	1079	1163	1101	910	1036
1669442276.603182317	810	1075	1166	1101	910	1034
1669442277.603272475	808	1070	1171	898	908	1034
1669442278.603133351	808	1064	1176	904	908	1032
1669442279.603211598	807	1059	1181	908	906	1030
1669442280.603366196	805	1057	1186	912	904	1028
1669442281.602944958	804	1055	1191	914	904	1026
1669442282.603270402	802	1055	1196	918	903	1024
1669442283.603270478	801	1055	1200	920	903	1022
1669442284.603171303	799	1047	1205	922	901	1020
1669442285.602956311	798	855	1210	922	901	1018
1669442286.602934894	796	857	1213	924	899	1016
1669442287.603085898	795	861	1218	926	899	1014
1669442288.603078541	792	863	1223	926	897	1012
1669442289.603230803	790	867	1225	928	895	1008
1669442290.603305735	789	868	1230	932	895	1006
1669442291.603201016	787	872	1232	934	893	1002
1669442292.603325152	784	874	1237	938	891	1000
1669442293.603066369	783	878	1240	943	891	998
1669442294.603265974	780	881	1245	947	889	996
1669442295.603082534	778	885	1250	951	887	994
1669442296.603192429	777	889	1252	955	887	989
1669442297.603144017	775	893	1257	959	886	987
1669442298.603232965	772	898	1260	963	886	985
1669442299.602946241	771	902	1265	967	886	983
1669442300.603276632	771	906	1267	971	884	981
1669442301.603151474	769	911	1269	975	884	979
1669442302.603129962	768	915	1274	979	884	975
1669442303.603144307	768	921	1277	981	884	973
1669442304.603272349	766	924	1279	985	884	971
1669442305.603240205	766	930	1284	989	884	969
1669442306.603270297	766	934	1287	991	886	967
1669442307.603252871	766	939	1289	996	886	967
1669442308.603270823	768	945	1294	998	886	965
1669442309.603246194	768	950	1297	1002	886	965
1669442310.603253153	768	954	1301	1004	886	965
1669442311.603255121	769	960	1304	1006	886	965
1669442312.603257589	769	964	1309	1008	886	965
1669442313.603130813	771	969	1314	1012	886	965
1669442314.603266272	771	973	1316	1014	886	965
1669442315.603273709	771	977	1321	1016	886	965
1669442316.603179392	772	982	1326	1018	887	965
1669442317.603314998	772	986	1331	1020	887	965
1669442318.603282209	772	990	1334	1022	887	963
1669442319.603071240	772	993	1338	1024	889	963
1669442320.603268499	772	997	1341	1026	889	963
1669442321.602941434	771	1001	1346	1028	889	961
1669442322.603067171	771	1005	1348	1030	891	961
1669442323.603141430	771	1008	1351	1032	891	961
1669442324.603086371	771	1012	1353	1032	891	961
1669442325.603136610	769	1016	1356	1034	893	959
1669442326.603018988	769	1019	1356	1034	893	959
1669442327.603320451	769	1023	1358	1036	895	959
1669442328.603066914	768	1027	1358	1036	895	959
1669442329.603210884	768	1031	1361	1036	897	957
1669442330.603260043	766	1034	1361	1036	899	957
1669442331.603127007	766	1038	1363	1036	901	957
1669442332.603079789	765	1040	1363	1036	903	955
1669442333.602934586	765	1046	1366	1036	904	955
1669442334.603139782	763	1049	1366	1034	906	955
1669442335.603015137	762	1053	1366	1034	906	953
1669442336.603351103	760	1057	1366	1034	908	953
1669442337.603238276	760	1062	1366	1032	910	953
1669442338.603284924	759	1066	1368	1032	912	951
1669442339.603071808	757	1070	1368	1030	914	951
1669442340.602931243	756	1073	1368	1030	914	951
1669442341.602935251	754	1079	1368	1030	916	951
1669442342.603059817	753	1081	1368	1030	918	951
1669442343.603099060	751	1085	1368	1030	918	951
1669442344.602942493	750	1088	1368	1030	920	951
1669442345.602939431	747	1090	1368	1030	920	951
1669442346.602931593	745	1092	1368	1032	921	951
1669442347.602940999	744	1094	1368	1034	921	951
1669442348.602943941	742	1096	1368	1036	923	951
1669442349.602942640	739	1096	1368	1036	923	951
1669442350.603095589	738	1098	1371	1038	923	951
1669442351.603190312	736	1098	1371	1040	925	949
1669442352.603222309	735	1100	1371	1040	925	949
1669442353.603227638	732	1100	1371	1042	925	949
1669442354.603262690	730	1100	1371	1042	925	949
1669442355.603312937	729	1100	1371	1042	925	949
1669442356.603315895	726	1100	1368	1044	925	949
1669442357.604661765	724	1098	1368	1044	925	949
1669442358.603277602	723	1098	1366	1044	925	947
1669442359.602939074	721	1098	1363	1044	925	947
1669442360.603087580	720	1098	1361	1046	925	947
1669442361.602936050	718	1098	1361	1046	925	945
1669442362.603093515	717	1098	1358	1046	925	945
1669442363.603151900	715	1098	1356	1046	925	943
1669442364.603097396	714	1098	1353	1048	927	940
1669442365.603195348	712	1098	1353	1048	927	940
1669442366.603266287	711	1098	1351	1048	929	940
1669442367.603101932	709	1100	1348	1051	929	938
1669442368.602936357	709	1100	1348	1051	931	938
1669442369.603098459	708	1100	1346	1053	933	938
1669442370.603085890	708	1100	1346	1055	933	938
1669442371.603086628	708	1101	1343	1055	935	938
1669442372.603156548	706	1101	1341	1057	935	938
1669442373.603093373	706	1101	1338	1059	937	938
1669442374.603098129	706	1101	1338	1063	938	938
1669442375.602954926	706	1101	1336	1065	938	938
1669442376.602943260	706	1101	1336	1067	940	938
1669442377.602953187	706	1101	1334	1069	942	938
1669442378.602949045	706	1101	1334	1071	944	940
1669442379.602944985	706	1103	1331	1073	946	940
1669442380.603106401	708	1103	1331	1075	948	940
1669442381.602948289	708	1103	1331	1077	950	943
1669442382.602942651	708	1103	1331	1079	952	943
1669442383.603254208	708	1103	1331	1081	954	945
1669442384.603317671	708	1105	1331	1081	955	945
1669442385.603242724	708	1105	1331	1083	957	947
1669442386.603176323	708	1105	1331	1085	957	949
1669442387.603198541	709	1107	1331	1085	959	951
1669442388.603206526	709	1107	1331	1087	961	951
1669442389.603084755	709	1107	1331	1089	961	953
1669442390.603035522	709	1107	1331	1091	963	955
1669442391.603029559	711	1109	1331	1093	963	957
1669442392.603039110	711	1109	1331	1095	965	959
1669442393.602942790	711	1109	1329	1097	965	959
1669442394.602952086	711	1109	1329	1099	965	961
1669442395.603098416	711	1109	1326	1101	967	961
1669442396.603282794	711	1109	1326	1101	967	963
1669442397.603285894	711	1107	1324	1103	969	963
1669442398.603086054	711	1107	1324	1106	969	963
1669442399.603148939	709	1107	1321	1106	970	963
1669442400.603274203	709	1105	1321	1106	972	963
1669442401.603362761	708	1105	1321	1106	974	963
1669442402.603362925	706	1105	1321	1106	974	963
1669442403.603354486	706	1103	1319	1106	976	963
1669442404.603294743	705	1103	1319	1108	978	963
1669442405.603371678	705	1103	1316	1108	980	963
1669442406.603276003	703	1101	1316	1108	982	963
1669442407.603282358	703	1101	1314	1108	984	963
1669442408.603231982	703	1101	1311	1108	986	963
1669442409.603278026	703	1100	1311	1108	987	965
1669442410.603281321	703	1100	1309	1108	989	965
1669442411.603283572	703	1100	1306	1110	991	965
1669442412.603143258	703	1098	1304	1110	993	965
1669442413.603288349	703	1098	1301	1112	995	965
1669442414.603321386	703	1096	1301	1112	997	965
1669442415.603312368	703	1094	1299	1112	999	967
1669442416.602954016	703	1094	1299	1114	1001	967
1669442417.603323599	703	1092	1297	1114	1003	967
1669442418.603274872	703	1090	1297	1116	1004	967
1669442419.603290443	703	1088	1297	1116	1006	967
1669442420.603285582	703	1087	1294	1118	1008	967
1669442421.603298379	705	1085	1294	1118	1010	969
1669442422.603287721	705	1083	1292	1120	1012	969
1669442423.603237431	706	1081	1292	1120	1016	969
1669442424.603290969	706	1079	1292	1120	1018	971
1669442425.603151733	708	1075	1289	1120	1020	971
1669442426.603292312	709	1073	1289	1120	1021	973
1669442427.603311134	711	1072	1287	1120	1023	973
1669442428.603294901	714	1070	1287	1120	1027	975
1669442429.603338044	715	1068	1287	1120	1029	975
1669442430.603280461	872	1066	1284	1120	1031	977
1669442431.603286988	878	1064	1284	1120	1033	977
1669442432.603200541	881	1062	1284	1120	1035	977
1669442433.603071006	881	1060	1282	1120	1037	979
1669442434.603291134	878	1059	1282	1118	1037	979
1669442435.603091856	730	1057	1279	1118	1037	981
1669442436.603111813	732	1057	1279	1116	1038	981
1669442437.602942504	733	1055	1279	1116	1038	983
1669442438.602940947	735	1053	1277	1114	1038	983
1669442439.603100242	736	1051	1277	1114	1038	983
1669442440.603207288	738	1049	1274	1112	1038	985
1669442441.603282118	739	1049	1274	1110	1038	985
1669442442.603318053	741	1047	1272	1110	1038	985
1669442443.603093828	742	1046	1272	1110	1038	987
1669442444.603159833	744	1046	1272	1110	1038	987
1669442445.603157742	745	1044	1272	1110	1038	987
1669442446.603294732	747	1044	1274	1110	1038	989
1669442447.603287461	748	1042	1274	1112	1038	989
1669442448.604344501	750	1042	1274	1112	1037	992
1669442449.603567567	751	1042	1277	1112	1037	992
1669442450.603281292	753	1042	1279	1112	1037	994
1669442451.604176112	754	1042	1279	1114	1035	996
1669442452.603099749	756	1042	1282	1114	1035	996
1669442453.603300426	756	1040	1284	1114	1033	998
1669442454.603080053	757	1040	1284	1114	1031	1000
1669442455.604154297	757	1040	1287	1114	1031	1002
1669442456.603335649	759	1040	1287	1114	1029	1004
1669442457.603546293	759	1038	1289	1116	1029	1006
1669442458.603143034	760	1038	1292	1116	1027	1008
1669442459.603061162	760	1038	1292	1116	1027	1010
1669442460.603286277	762	1038	1294	1118	1025	1010
1669442461.603315037	762	1038	1297	1118	1025	1012
1669442462.603277318	762	1036	1297	1120	1025	1012
1669442463.603088300	763	1038	1299	1120	1023	1014
1669442464.604454021	763	1038	1301	1120	1023	1016
1669442465.603144526	765	1038	1301	1122	1023	1020
1669442466.603250987	765	1038	1304	1122	1023	1022
1669442467.603809991	766	1040	1304	1122	1023	1022
1669442468.603803371	766	1040	1306	1122	1023	1024
1669442469.603651026	768	1040	1306	1122	1025	1026
1669442470.603258941	768	1042	1306	1122	1025	1028
1669442471.603124570	769	1042	1306	1122	1025	1030
1669442472.603245063	769	1044	1304	1120	1025	1032
1669442473.603260492	769	1044	1304	1120	1025	1034
1669442474.603279369	771	1046	1301	1120	1025	1036
1669442475.603272001	771	1046	1301	1120	1025	1038
1669442476.603347837	771	1046	1299	1120	1025	1040
1669442477.602873682	771	1047	1299	1120	1025	1040
1669442478.603397997	771	1047	1299	1120	1027	1043
1669442479.602968379	771	1047	1299	1120	1027	1045
1669442480.603267034	771	1047	1299	1122	1027	1047
1669442481.603122746	771	1047	1299	1122	1027	1049
1669442482.602941666	769	1047	1299	1124	1029	1049
1669442483.603085101	769	1047	1301	1124	1029	1051
1669442484.603151081	768	1047	1301	1126	1029	1053
1669442485.603152299	766	1049	1304	1128	1031	1055
1669442486.603301962	766	1049	1304	1128	1031	1057
1669442487.603189010	765	1049	1304	1130	1033	1057
1669442488.603273254	765	1049	1306	1132	1033	1059
1669442489.603356682	763	1049	1306	1134	1035	1061
1669442490.603335371	763	1049	1306	1136	1035	1063
1669442491.603312039	762	1051	1306	1138	1037	1063
1669442492.603372136	762	1051	1304	1140	1037	1065
1669442493.603373081	763	1051	1304	1142	1038	1065
1669442494.603360042	763	1051	1304	1144	1038	1067
1669442495.603375538	763	1051	1304	1146	1040	1067
1669442496.603191243	763	1051	1304	1146	1040	1069
1669442497.603278708	763	1053	1304	1148	1042	1071
1669442498.602947851	763	1053	1304	1150	1042	1071
1669442499.602948081	763	1053	1304	1150	1042	1073
1669442500.602947365	762	1053	1304	1152	1044	1073
1669442501.602952309	762	1053	1304	1152	1044	1075
1669442502.602951732	762	1053	1304	1152	1044	1075
1669442503.603207235	760	1053	1304	1154	1044	1077
1669442504.603249559	760	1055	1301	1154	1046	1077
1669442505.603321677	760	1055	1301	1154	1046	1079
1669442506.603287166	760	1057	1301	1154	1046	1079
1669442507.603287504	760	1057	1301	1156	1046	1079
1669442508.603296275	760	1059	1301	1154	1046	1081
1669442509.602962210	760	1059	1299	1154	1046	1081
1669442510.603267903	760	1060	1299	1152	1046	1083
1669442511.603302455	760	1062	1299	1152	1046	1085
1669442512.603359340	759	1062	1299	1150	1044	1085
1669442513.603259791	759	1064	1297	1148	1044	1087
1669442514.603259242	759	1064	1297	1144	1042	1087
1669442515.603167880	757	1066	1297	1142	1042	1089
1669442516.603407064	757	1066	1297	1140	1040	1092
1669442517.603583685	756	1068	1297	1138	1038	1092
1669442518.603302290	754	1068	1297	1136	1038	1094
1669442519.602951801	753	1070	1297	1134	1037	1096
1669442520.604521418	750	1070	1299	1132	1035	1096
1669442521.604283111	748	1070	1299	1132	1033	1098
1669442522.603300799	747	1072	1299	1130	1031	1098
1669442523.603306214	745	1072	1301	1130	1029	1100
1669442524.603296951	744	1073	1301	1130	1027	1102
1669442525.603254030	742	1073	1301	1130	1025	1102
1669442526.603029528	742	1073	1301	1130	1023	1104
1669442527.603101156	742	1075	1301	1130	1023	1104
1669442528.603154153	742	1075	1301	1130	1021	1106
1669442529.603082529	741	1077	1301	1132	1021	1108
1669442530.603305487	741	1077	1299	1132	1020	1108
1669442531.603070486	741	1077	1299	1134	1020	1110
1669442532.603077770	742	1079	1299	1134	1020	1112
1669442533.603261170	742	1079	1297	1134	1021	1112
1669442534.603230948	742	1079	1297	1134	1021	1114
1669442535.603277432	742	1079	1297	1134	1023	1116
1669442536.602941777	742	1081	1294	1134	1025	1118
1669442537.603282331	742	1081	1294	1134	1027	1118
1669442538.603293066	742	1081	1294	1134	1029	1120
1669442539.603279312	742	1081	1294	1134	1031	1122
1669442540.603270579	742	1081	1294	1134	1033	1124
1669442541.603270046	742	1081	1294	1132	1035	1124
1669442542.603275700	741	1081	1294	1132	1035	1126
1669442543.603277312	741	1081	1294	1132	1035	1128
1669442544.603287113	741	1083	1292	1130	1037	1128
1669442545.603270373	741	1083	1292	1130	1035	1130
1669442546.603140019	741	1083	1292	1130	1035	1130
1669442547.603270344	741	1085	1292	1128	1035	1132
1669442548.602964489	741	1085	1292	1128	1035	1132
1669442549.603397735	741	1085	1289	1126	1035	1134
1669442550.603374114	741	1087	1292	1126	1037	1134
1669442551.603379900	739	1087	1292	1124	1037	1136
1669442552.603378739	739	1087	1292	1124	1038	1136
1669442553.603378589	739	1087	1292	1122	1040	1138
1669442554.603394921	739	1087	1294	1122	1042	1138
1669442555.603287417	739	1087	1294	1120	1044	1138
1669442556.603382105	739	1087	1294	1120	1044	1138
1669442557.603294290	741	1087	1294	1118	1046	1140
1669442558.603299727	741	1087	1297	1118	1048	1140
1669442559.603287610	741	1087	1297	1116	1050	1140
1669442560.603300696	742	1087	1299	1116	1052	1143
1669442561.603296701	742	1087	1299	1114	1052	1143
1669442562.603155168	744	1087	1301	1114	1054	1145
1669442563.603289927	745	1087	1304	1114	1055	1145
1669442564.603291065	745	1087	1304	1114	1057	1147
1669442565.603159581	747	1087	1306	1114	1059	1147
1669442566.603301891	748	1087	1309	1114	1061	1147
1669442567.602958243	748	1087	1311	1114	1063	1149
1669442568.603499031	750	1087	1563	1114	1065	1149
1669442569.603112874	750	1087	1568	1112	1067	1149
1669442570.603166124	751	1087	1570	1112	1069	1151
1669442571.603304976	751	1087	1570	1112	1071	1151
1669442572.603302532	751	1087	1321	1110	1072	1151
1669442573.603229330	751	1087	1324	1110	1072	1151
1669442574.603268398	753	1087	1324	1110	1074	1151
1669442575.603261868	753	1088	1324	1110	1074	1153
1669442576.603302314	753	1088	1326	1110	1076	1153
1669442577.603298788	753	1088	1326	1110	1076	1153
1669442578.603259481	754	1088	1326	1110	1076	1153
1669442579.603217528	754	1088	1329	1110	1076	1153
1669442580.603118548	754	1088	1329	1112	1076	1153
1669442581.603256638	754	1088	1329	1112	1076	1153
1669442582.603302791	754	1088	1331	1112	1078	1153
1669442583.603328679	754	1088	1331	1114	1078	1153
1669442584.603216115	754	1088	1331	1114	1078	1153
1669442585.603297195	754	1090	1334	1114	1078	1153
1669442586.603337741	754	1090	1336	1116	1078	1153
1669442587.603336460	754	1090	1336	1116	1078	1153
1669442588.603386138	756	1090	1338	1116	1078	1153
1669442589.602968785	756	1092	1338	1118	1078	1153
1669442590.603370980	756	1092	1341	1118	1078	1153
1669442591.604227755	756	1092	1343	1118	1076	1153
1669442592.603277890	757	1092	1346	1120	1074	1153
1669442593.603308377	757	1092	1346	1120	1072	1153
1669442594.603323353	757	1092	1348	1120	1072	1155
1669442595.604232196	759	1092	1351	1122	1071	1155
1669442596.604989890	759	1092	1353	1122	1069	1155
1669442597.603314069	760	1092	1356	1124	1067	1157
1669442598.603497066	760	1092	1358	1124	1065	1157
1669442599.603530298	762	1092	1361	1126	1065	1159
1669442600.603308547	762	1092	1366	1128	1065	1159
1669442601.603263139	763	1092	1368	1128	1063	1159
1669442602.603211824	763	1090	1371	1130	1063	1161
1669442603.603210970	765	1090	1373	1132	1063	1161
1669442604.603104072	765	1090	1375	1134	1063	1161
1669442605.603105559	766	1090	1378	1136	1063	1163
1669442606.602951935	768	1090	1380	1138	1063	1163
1669442607.603077355	768	1090	1383	1140	1063	1163
1669442608.603302011	769	1090	1385	1140	1065	1163
1669442609.603329783	771	1090	1385	1142	1065	1163
1669442610.603087286	772	1090	1388	1144	1067	1163
1669442611.603465166	774	1090	1390	1144	1067	1163
1669442612.604537385	777	1090	1390	1146	1069	1163
1669442613.604638939	778	1088	1393	1146	1071	1163
1669442614.603401590	780	1088	1395	1146	1074	1163
1669442615.603344137	781	1088	1395	1148	1076	1163
1669442616.603249537	784	1088	1398	1148	1078	1163
1669442617.603266324	786	1088	1400	1148	1080	1163
1669442618.603128024	946	1090	1400	1148	1084	1161
1669442619.603245923	953	1090	1407	1148	1086	1161
1669442620.603070784	961	1090	1410	1148	1086	1161
1669442621.603255448	965	1090	1412	1148	1088	1161
1669442622.603071449	968	1092	1415	1148	1088	1161
1669442623.603224901	971	1092	1415	1146	1089	1159
1669442624.603073400	971	1094	1417	1144	1089	1159
1669442625.603139616	970	1094	1422	1144	1089	1157
1669442626.603299945	968	1096	1422	1142	1089	1157
1669442627.603333164	968	1096	1422	1142	1089	1155
1669442628.603349662	968	1096	1425	1140	1088	1155
1669442629.603340293	970	1096	1425	1140	1088	1153
1669442630.603167759	970	1096	1425	1140	1086	1151
1669442631.603330274	967	1098	1425	1140	1084	1149
1669442632.603329235	816	1098	1425	1140	1082	1147
1669442633.603188187	819	1096	1425	1140	1080	1145
1669442634.603278253	822	1096	1425	1140	1078	1143
1669442635.603290589	823	1096	1425	1142	1078	1140
1669442636.603301891	826	1096	1427	1142	1076	1138
1669442637.603280809	827	1096	1427	1144	1074	1136
1669442638.603249683	830	1096	1427	1144	1072	1134
1669442639.603137318	832	1096	1427	1144	1072	1130
1669442640.603339976	833	1096	1427	1146	1071	1128
1669442641.603408263	835	1096	1427	1146	1071	1126
1669442642.603404457	836	1096	1427	1146	1069	1124
1669442643.603414206	838	1096	1427	1148	1067	1122
1669442644.603147148	838	1098	1427	1148	1065	1122
1669442645.602943932	838	1098	1427	1148	1063	1120
1669442646.602943883	839	1098	1425	1148	1061	1118
1669442647.602942197	839	1098	1425	1146	1059	1116
1669442648.602951182	839	1100	1425	1146	1057	1114
1669442649.603091525	839	1100	1425	1146	1055	1112
1669442650.602941717	839	1100	1425	1146	1054	1110
1669442651.602942860	839	1100	1425	1146	1054	1110
1669442652.603101402	841	1101	1425	1146	1052	1108
1669442653.603195207	841	1101	1425	1144	1050	1106
1669442654.603283302	842	1101	1425	1144	1048	1104
1669442655.603201860	842	1101	1425	1146	1048	1102
1669442656.603274863	844	1101	1422	1146	1046	1100
1669442657.603279238	845	1103	1422	1146	1044	1098
1669442658.603280513	847	1103	1420	1146	1042	1096
1669442659.603281192	848	1103	1417	1146	1040	1094
1669442660.603285284	850	1103	1415	1146	1038	1092
1669442661.603272962	851	1103	1412	1146	1037	1089
1669442662.603234251	853	1105	1410	1146	1035	1089
1669442663.603352029	854	1105	1407	1146	1031	1087
1669442664.603272267	857	1105	1405	1146	1029	1085
1669442665.603237687	859	1105	1403	1146	1027	1083
1669442666.603314115	860	1105	1403	1144	1025	1083
1669442667.603141714	862	1107	1400	1144	1023	1081
1669442668.603287303	863	1107	1398	1144	1021	1081
1669442669.603078197	866	1107	1398	1144	1021	1079
1669442670.603236071	868	1109	1395	1142	1020	1079
1669442671.603196456	871	1109	1395	1142	1018	1079
1669442672.603198485	872	1109	1393	1142	1018	1079
1669442673.603370186	874	1109	1393	1140	1016	1077
1669442674.603258243	877	1111	1393	1140	1014	1077
1669442675.603285135	880	1111	1390	1140	1012	1077
1669442676.603275976	881	1111	1390	1140	1012	1075
1669442677.603202255	883	1111	1390	1140	1010	1075
1669442678.603267199	886	1113	1390	1140	1010	1075
1669442679.603279201	887	1113	1390	1138	1008	1075
1669442680.603283304	889	1113	1390	1138	1008	1075
1669442681.603289341	892	1113	1393	1138	1008	1073
1669442682.603289059	893	1113	1393	1138	1008	1073
1669442683.603283760	895	1113	1393	1140	1008	1073
1669442684.603273593	896	1114	1393	1140	1010	1073
1669442685.603284600	898	1114	1395	1140	1010	1071
1669442686.603286314	899	1114	1395	1140	1012	1071
1669442687.603096635	902	1114	1395	1140	1014	1071
1669442688.603088322	904	1114	1398	1142	1014	1071
1669442689.602942388	905	1116	1398	1142	1016	1071
1669442690.603215748	907	1116	1398	1144	1016	1069
1669442691.603097892	908	1116	1400	1146	1016	1069
1669442692.602945028	910	1116	1400	1146	1016	1069
1669442693.602944722	911	1116	1400	1148	1016	1069
1669442694.603151557	913	1116	1403	1150	1016	1069
1669442695.603085194	914	1116	1403	1152	1016	1069
1669442696.603091770	916	1116	1403	1156	1016	1069
1669442697.603146541	917	1116	1403	1158	1014	1069
1669442698.603139058	917	1116	1403	1161	1014	1069
1669442699.603076568	919	1116	1403	1163	1014	1071
1669442700.603089919	919	1116	1403	1165	1014	1071
1669442701.602948498	920	1118	1403	1165	1014	1071
1669442702.602940973	920	1118	1403	1167	1014	1073
1669442703.602955711	920	1118	1403	1169	1014	1073
1669442704.603002545	922	1120	1403	1169	1012	1073
1669442705.603385920	922	1120	1403	1171	1012	1075
1669442706.603292552	920	1122	1403	1171	1012	1077
1669442707.603049208	920	1124	1400	1173	1012	1077
1669442708.603290815	920	1124	1400	1175	1012	1079
1669442709.603009185	920	1126	1400	1177	1012	1079
1669442710.603295945	920	1126	1400	1179	1012	1081
1669442711.603321373	920	1126	1400	1181	1014	1083
1669442712.603292259	919	1128	1400	1183	1014	1085
1669442713.603095422	919	1128	1400	1187	1016	1087
1669442714.603299612	919	1128	1400	1189	1016	1089
1669442715.603300056	919	1128	1400	1193	1018	1092
1669442716.603319653	919	1128	1400	1195	1018	1094
1669442717.603228971	917	1129	1400	1199	1020	1096
1669442718.603287031	917	1129	1400	1201	1020	1098
1669442719.603299602	917	1129	1400	1203	1021	1100
1669442720.602949947	916	1131	1403	1205	1025	1102
1669442721.602955393	916	1131	1403	1207	1027	1104
1669442722.602953811	916	1131	1405	1209	1031	1106
1669442723.602956279	916	1133	1405	1209	1035	1108
1669442724.602950581	916	1133	1407	1209	1038	1110
1669442725.603133701	914	1135	1410	1209	1042	1112
1669442726.603220226	914	1135	1410	1211	1046	1114
1669442727.603293476	914	1137	1412	1211	1050	1118
1669442728.603307855	914	1137	1415	1211	1054	1120
1669442729.603304670	914	1137	1415	1211	1057	1122
1669442730.603279186	914	1139	1417	1211	1061	1124
1669442731.603090585	914	1139	1417	1213	1063	1126
1669442732.603214368	916	1139	1420	1213	1065	1128
1669442733.602957059	916	1139	1422	1216	1069	1132
1669442734.604640262	916	1139	1422	1216	1071	1134
1669442735.603281309	917	1139	1425	1218	1074	1136
1669442736.603250805	917	1139	1425	1220	1076	1138
1669442737.603278552	917	1139	1427	1222	1080	1140
1669442738.603294502	919	1137	1427	1226	1082	1143
1669442739.603274560	919	1137	1430	1228	1084	1145
1669442740.603287279	919	1137	1432	1230	1086	1147
1669442741.603141296	919	1135	1432	1234	1088	1149
1669442742.603091968	919	1135	1435	1236	1088	1151
1669442743.602955535	917	1135	1437	1238	1089	1153
1669442744.603273906	917	1133	1440	1240	1091	1155
1669442745.603304405	917	1131	1440	1240	1091	1157
1669442746.603076353	917	1131	1442	1242	1093	1159
1669442747.603085941	917	1129	1442	1244	1095	1161
1669442748.603041484	917	1128	1444	1244	1095	1165
1669442749.603357906	917	1128	1444	1244	1097	1167
1669442750.603328487	917	1126	1447	1246	1099	1169
1669442751.603315887	919	1124	1447	1246	1101	1171
1669442752.603279786	919	1122	1447	1246	1103	1173
1669442753.603087100	920	1120	1447	1246	1105	1175
1669442754.603087953	920	1118	1447	1248	1105	1175
1669442755.603285722	922	1116	1447	1248	1106	1177
1669442756.603290368	922	1114	1447	1248	1106	1179
1669442757.603095159	923	1113	1447	1248	1108	1179
1669442758.603277728	923	1111	1447	1250	1108	1181
1669442759.602970326	925	1109	1447	1250	1108	1181
1669442760.603300602	926	1107	1447	1250	1108	1183
1669442761.603290098	926	1105	1449	1252	1108	1183
1669442762.603285887	926	1103	1449	1252	1108	1183
1669442763.603246945	928	1100	1449	1252	1108	1183
1669442764.603288404	928	1098	1449	1254	1108	1183
1669442765.603151500	928	1096	1449	1254	1108	1183
1669442766.603280386	929	1094	1449	1254	1108	1185
1669442767.602947319	929	1092	1449	1254	1108	1185
1669442768.603233977	929	1090	1449	1254	1108	1185
1669442769.603194837	929	1088	1447	1256	1108	1185
1669442770.603287110	929	1085	1447	1256	1108	1185
1669442771.603288052	929	1083	1447	1256	1108	1185
1669442772.603290008	929	1081	1444	1256	1108	1185
1669442773.603286434	929	1079	1444	1256	1108	1187
1669442774.603274468	929	1079	1442	1254	1106	1187
1669442775.603241027	928	1077	1442	1254	1106	1187
1669442776.603094951	928	1075	1440	1254	1106	1187
1669442777.603150977	928	1075	1440	1254	1106	1187
1669442778.603090370	926	1073	1437	1254	1105	1189
1669442779.603095768	926	1073	1435	1252	1105	1189
1669442780.603099527	925	1072	1435	1252	1105	1189
1669442781.603199509	925	1072	1432	1252	1103	1189
1669442782.603144730	923	1070	1430	1250	1103	1189
1669442783.603094496	922	1070	1430	1250	1101	1189
1669442784.603091675	922	1070	1427	1248	1099	1189
1669442785.603097007	920	1070	1425	1248	1097	1187
1669442786.603081515	919	1070	1425	1246	1095	1187
1669442787.603139592	919	1068	1425	1244	1093	1187
1669442788.603140637	917	1068	1425	1244	1093	1185
1669442789.603147173	917	1068	1425	1242	1091	1185
1669442790.603283776	917	1068	1425	1240	1089	1183
1669442791.603278697	916	1068	1427	1238	1089	1183
1669442792.603283150	916	1068	1427	1236	1088	1181
1669442793.603280469	916	1066	1430	1236	1088	1181
1669442794.603276884	914	1066	1430	1234	1088	1179
1669442795.603357762	914	1066	1432	1234	1086	1179
1669442796.603221905	914	1064	1435	1234	1086	1177
1669442797.603277543	913	1064	1435	1234	1084	1177
1669442798.603268466	913	1062	1437	1234	1084	1175
1669442799.603088380	911	1062	1437	1234	1082	1173
1669442800.603086970	911	1060	1440	1234	1080	1173
1669442801.603097777	910	1060	1440	1234	1080	1171
1669442802.603090619	910	1059	1442	1236	1078	1171
1669442803.602943242	910	1057	1442	1236	1078	1171
1669442804.603085511	908	1057	1442	1236	1076	1169
1669442805.603282256	908	1055	1444	1236	1076	1169
1669442806.603286442	908	1055	1444	1236	1076	1169
1669442807.603293284	908	1055	1444	1236	1076	1167
1669442808.603286712	908	1053	1447	1238	1074	1167
1669442809.603280096	908	1053	1447	1238	1074	1167
1669442810.603282871	908	1051	1447	1238	1074	1165
1669442811.603165630	907	1051	1449	1238	1072	1165
1669442812.603290480	907	1051	1449	1240	1072	1165
1669442813.603353338	907	1049	1452	1240	1072	1163
1669442814.603288376	907	1049	1452	1240	1072	1163
1669442815.603174726	905	1049	1452	1240	1071	1163
1669442816.603282740	905	1047	1452	1242	1071	1161
1669442817.603290474	905	1047	1452	1242	1071	1161
1669442818.603215788	905	1047	1452	1242	1071	1161
1669442819.603204331	905	1046	1449	1242	1069	1159
1669442820.602957173	905	1046	1449	1244	1069	1159
1669442821.602948397	905	1046	1449	1244	1069	1157
1669442822.602950159	905	1046	1447	1244	1067	1155
1669442823.602945983	905	1046	1447	1244	1067	1155
1669442824.602952611	905	1046	1444	1244	1065	1153
1669442825.603109235	905	1046	1444	1244	1063	1151
1669442826.603240210	905	1046	1444	1244	1061	1149
1669442827.602967885	905	1046	1442	1244	1061	1147
1669442828.603152639	905	1046	1442	1244	1057	1145
1669442829.603102584	905	1046	1442	1244	1055	1145
1669442830.603284813	904	1047	1440	1244	1054	1143
1669442831.602947655	904	1047	1440	1244	1050	1143
1669442832.602946583	902	1047	1440	1242	1048	1140
1669442833.602947613	902	1047	1437	1242	1044	1140
1669442834.602946753	901	1049	1437	1242	1040	1138
1669442835.602948049	901	1049	1437	1242	1038	1138
1669442836.603012965	899	1049	1437	1242	1035	1136
1669442837.603265725	899	1051	1437	1240	1031	1136
1669442838.603266240	898	1051	1437	1240	1027	1134
1669442839.603144508	896	1053	1440	1240	1025	1132
1669442840.603176737	895	1053	1440	1240	1021	1132
1669442841.603218283	895	1053	1442	1240	1020	1130
1669442842.603270365	893	1055	1444	1240	1018	1128
1669442843.603229296	892	1055	1447	1240	1016	1128
1669442844.602966086	890	1057	1449	1240	1014	1126
1669442845.603090999	889	1059	1452	1240	1014	1126
1669442846.602949978	887	1059	1457	1240	1014	1124
1669442847.603099850	886	1060	1459	1242	1012	1124
1669442848.603110537	884	1062	1462	1242	1012	1124
1669442849.603106748	883	1064	1464	1242	1012	1124
1669442850.603252127	881	1064	1467	1242	1014	1124
1669442851.603290590	881	1066	1472	1244	1014	1124
1669442852.603386600	880	1068	1474	1244	1014	1124
1669442853.603377187	878	1070	1477	1244	1014	1124
1669442854.603298391	877	1072	1479	1244	1014	1124
1669442855.602968976	875	1073	1481	1244	1014	1126
1669442856.603386870	874	1075	1484	1244	1014	1126
1669442857.603308834	872	1077	1486	1244	1014	1126
1669442858.603172545	872	1079	1489	1244	1014	1126
1669442859.603076759	871	1081	1491	1244	1012	1126
1669442860.603108771	871	1083	1494	1246	1012	1126
1669442861.603106537	869	1085	1496	1246	1012	1128
1669442862.603091461	868	1087	1499	1246	1012	1128
1669442863.602960466	868	1088	1499	1246	1012	1128
1669442864.603160589	866	1090	1501	1248	1012	1128
1669442865.602951076	865	1090	1504	1248	1012	1130
1669442866.603036216	865	1092	1506	1248	1012	1130
1669442867.603288981	863	1094	1509	1248	1012	1130
1669442868.604590942	863	1094	1511	1250	1012	1130
1669442869.604465835	862	1096	1513	1250	1014	1130
1669442870.604343473	862	1098	1516	1250	1016	1130
1669442871.603260567	862	1098	1518	1250	1016	1130
1669442872.603261061	863	1100	1521	1250	1018	1130
1669442873.603312161	863	1101	1523	1250	1020	1130
1669442874.603283987	863	1101	1526	1250	1023	1130
1669442875.603263946	863	1103	1528	1252	1025	1130
1669442876.603361044	865	1105	1528	1252	1027	1130
1669442877.603133465	865	1107	1531	1254	1031	1130
1669442878.603080700	865	1107	1533	1256	1033	1130
1669442879.603267410	866	1109	1533	1256	1035	1130
1669442880.603230406	866	1111	1536	1258	1037	1130
1669442881.603254344	866	1111	1538	1258	1038	1130
1669442882.603247593	866	1113	1538	1260	1040	1130
1669442883.603268462	866	1114	1538	1260	1040	1130
1669442884.603255362	868	1114	1541	1260	1042	1130
1669442885.603011059	868	1116	1541	1260	1042	1130
1669442886.603165366	868	1116	1541	1260	1042	1130
1669442887.602927592	869	1118	1541	1260	1044	1128
1669442888.602941798	869	1120	1541	1260	1044	1128
1669442889.603087880	871	1120	1541	1260	1044	1128
1669442890.603260419	872	1122	1543	1260	1042	1126
1669442891.603259744	872	1124	1543	1258	1042	1126
1669442892.603078670	874	1124	1543	1258	1042	1126
1669442893.603258418	874	1126	1543	1258	1042	1124
1669442894.603172680	874	1128	1543	1258	1042	1124
1669442895.603246866	874	1129	1543	1256	1042	1124
1669442896.603142280	874	1129	1543	1256	1042	1122
1669442897.602947397	874	1131	1543	1254	1042	1122
1669442898.603276254	872	1133	1543	1252	1042	1122
1669442899.603276612	872	1133	1543	1252	1042	1122
1669442900.602942019	871	1135	1543	1250	1042	1120
1669442901.602945549	871	1137	1543	1248	1042	1120
1669442902.603097195	869	1137	1543	1248	1042	1120
1669442903.603269413	868	1139	1546	1248	1042	1120
1669442904.603250580	868	1141	1546	1248	1042	1118
1669442905.603258795	866	1142	1548	1246	1042	1118
1669442906.603253556	866	1144	1548	1246	1042	1118
1669442907.603083549	865	1146	1550	1246	1042	1118
1669442908.603257605	863	1148	1553	1246	1040	1118
1669442909.603264942	863	1150	1553	1246	1040	1118
1669442910.603261807	862	1152	1555	1246	1038	1118
1669442911.603218277	862	1154	1558	1246	1038	1118
1669442912.603256247	860	1156	1560	1246	1037	1118
1669442913.603251299	860	1156	1563	1244	1037	1118
1669442914.603136672	860	1157	1565	1244	1035	1120
1669442915.603253595	859	1157	1565	1244	1035	1120
1669442916.603267145	859	1159	1568	1244	1035	1120
1669442917.603282206	859	1159	1568	1244	1035	1120
1669442918.603271678	859	1161	1568	1244	1035	1120
1669442919.603238713	857	1161	1568	1244	1037	1120
1669442920.603235860	857	1161	1568	1244	1038	1120
1669442921.603162246	857	1159	1568	1244	1040	1120
1669442922.603085703	859	1159	1568	1244	1042	1120
1669442923.603068928	857	1157	1568	1244	1046	1120
1669442924.602923837	857	1157	1568	1244	1048	1118
1669442925.602924044	857	1154	1568	1244	1050	1116
1669442926.603099764	857	1152	1568	1244	1054	1116
1669442927.603133143	857	1150	1568	1244	1055	1114
1669442928.603257933	857	1146	1568	1246	1057	1112
1669442929.602930926	857	1144	1565	1246	1059	1110
1669442930.603258024	857	1142	1565	1246	1061	1110
1669442931.603256744	857	1141	1565	1246	1063	1108
1669442932.602935445	857	1139	1563	1246	1063	1106
1669442933.603266840	857	1139	1563	1246	1065	1106
1669442934.603236911	859	1139	1560	1248	1065	1106
1669442935.603172671	859	1139	1560	1248	1067	1104
