time	PM_0	PM_1	PM_2	PM_3	PM_4	PM_5
1669438763.511210208	0	0	0	0	0	0
1669438764.499167711	43	45	47	44	41	0
1669438765.499153764	43	45	47	44	41	32
1669438766.499150218	43	45	47	44	41	32
1669438767.499168165	43	45	47	44	41	32
1669438768.499150940	43	45	47	44	41	32
1669438769.499150891	43	45	47	44	41	32
1669438770.499655634	43	45	45	44	41	32
1669438771.499663151	43	45	45	44	41	32
1669438772.499684589	43	45	45	44	41	32
1669438773.499655256	43	45	45	44	41	32
1669438774.499664590	43	45	47	44	41	32
1669438775.499661168	43	45	47	44	41	32
1669438776.499648367	43	45	47	44	41	32
1669438777.499329023	43	45	47	44	41	32
1669438778.499570418	43	45	47	44	41	32
1669438779.499569875	43	47	47	44	41	32
1669438780.499616687	43	48	47	44	41	32
1669438781.499566280	43	48	47	44	41	32
1669438782.499521593	43	50	47	44	41	32
1669438783.499568114	43	52	47	44	41	32
1669438784.499705741	43	54	47	46	41	32
1669438785.499332026	43	56	47	46	41	32
1669438786.499647846	43	58	47	46	41	32
1669438787.499655759	43	60	47	48	41	32
1669438788.499653551	43	253	47	50	41	32
1669438789.499392880	43	291	47	50	41	32
1669438790.499582080	43	291	47	52	41	32
1669438791.499652768	43	287	49	54	41	32
1669438792.499624219	43	287	49	262	41	32
1669438793.499474539	42	285	49	289	41	32
1669438794.499390278	42	285	49	315	41	32
1669438795.499658153	42	80	52	342	41	32
1669438796.499467571	42	84	52	356	41	32
1669438797.499476608	42	86	52	368	41	32
1669438798.499478081	42	86	54	372	41	32
1669438799.499325465	42	88	54	374	41	32
1669438800.499473656	42	89	56	374	41	32
1669438801.499480653	42	91	56	372	41	32
1669438802.499523364	42	93	58	372	41	32
1669438803.499480815	42	95	61	370	41	32
1669438804.499328157	42	97	63	370	41	32
1669438805.499321803	42	99	65	366	41	32
1669438806.499551275	42	101	65	366	41	32
1669438807.499548174	42	102	70	370	41	32
1669438808.499653279	42	104	72	372	41	32
1669438809.499472029	42	108	74	376	41	32
1669438810.499567011	42	110	313	382	41	32
1669438811.499474208	42	112	315	384	41	32
1669438812.499655903	42	114	323	384	41	32
1669438813.499522915	42	115	328	380	41	32
1669438814.499737797	42	117	330	372	43	32
1669438815.499662356	42	119	330	366	43	32
1669438816.499474197	42	121	94	364	43	32
1669438817.499897686	42	123	99	360	43	32
1669438818.499446646	42	125	101	150	43	32
1669438819.499656694	42	127	103	154	45	32
1669438820.499520554	42	129	108	156	45	32
1669438821.499463372	42	130	110	160	45	32
1669438822.500103729	42	132	115	162	47	32
1669438823.500157391	42	134	117	166	47	32
1669438824.500308169	42	136	122	168	47	32
1669438825.499576127	42	138	367	172	49	32
1669438826.499687587	42	138	375	177	49	32
1669438827.499636187	42	140	382	179	51	32
1669438828.499650318	42	142	387	183	51	32
1669438829.499646086	42	143	394	187	53	32
1669438830.499612760	42	145	397	189	53	32
1669438831.499652428	42	145	397	193	55	32
1669438832.499670311	42	147	397	195	57	32
1669438833.499660027	42	149	153	199	57	32
1669438834.499674124	42	149	158	201	58	32
1669438835.499526347	42	151	162	205	58	32
1669438836.499692926	42	153	164	207	60	32
1669438837.499697482	42	155	169	209	62	34
1669438838.499647707	42	156	173	211	62	34
1669438839.499661667	42	158	176	215	64	34
1669438840.499654960	42	158	180	217	64	34
1669438841.499740159	42	160	185	219	66	34
1669438842.499742676	42	162	189	221	66	34
1669438843.499742986	42	164	191	226	68	34
1669438844.499521113	42	164	196	228	70	34
1669438845.499575862	42	166	198	230	70	34
1669438846.499617326	42	168	203	234	72	34
1669438847.499523037	42	169	205	236	74	36
1669438848.499690233	42	169	210	240	74	36
1669438849.499727865	42	171	212	242	75	36
1669438850.499730205	42	173	214	246	77	36
1669438851.499736805	42	173	219	248	79	36
1669438852.499518270	42	175	222	252	81	38
1669438853.499559586	42	177	224	256	83	38
1669438854.499643379	42	177	229	258	83	38
1669438855.499733273	42	179	232	262	85	38
1669438856.499652003	42	181	234	264	87	40
1669438857.499654612	42	183	239	268	89	40
1669438858.499671830	42	186	242	272	91	40
1669438859.499737524	42	188	244	274	92	40
1669438860.499605222	42	192	249	278	92	42
1669438861.499658221	42	194	251	281	94	42
1669438862.499647067	42	197	254	285	96	42
1669438863.499669984	41	199	259	287	98	42
1669438864.499603718	41	203	261	291	100	44
1669438865.499519451	41	205	264	293	102	44
1669438866.499703820	41	207	269	297	102	44
1669438867.499676629	41	209	271	299	104	44
1669438868.499731265	41	210	276	303	106	46
1669438869.499732528	41	210	279	305	108	46
1669438870.499659405	41	212	281	309	109	46
1669438871.499689103	41	212	286	311	111	48
1669438872.499479172	41	212	288	315	115	48
1669438873.499656897	41	212	291	317	117	48
1669438874.499658422	41	212	296	321	119	50
1669438875.499337944	42	212	298	323	123	50
1669438876.499654837	42	212	303	325	126	52
1669438877.499652945	42	212	306	329	128	52
1669438878.499655176	42	212	308	331	132	52
1669438879.499664135	42	210	313	331	134	54
1669438880.499713760	42	210	315	333	138	54
1669438881.499665322	42	209	318	333	140	57
1669438882.499664158	42	209	320	336	142	57
1669438883.499653960	42	209	325	336	145	59
1669438884.499495885	42	209	328	336	147	59
1669438885.499346476	42	209	330	336	149	61
1669438886.499530331	42	209	333	336	153	61
1669438887.499469880	42	210	335	336	155	63
1669438888.499329334	42	210	338	336	159	65
1669438889.499479991	43	212	340	336	160	67
1669438890.499473595	43	214	343	336	164	67
1669438891.499481981	43	216	345	336	166	69
1669438892.499580370	43	218	348	338	170	71
1669438893.499536171	43	220	348	338	174	73
1669438894.499657743	43	220	350	338	176	75
1669438895.499574092	45	220	350	338	179	77
1669438896.499528964	45	220	350	338	183	77
1669438897.499534374	45	220	350	338	187	79
1669438898.499657500	45	220	350	340	189	81
1669438899.499738455	45	220	350	340	193	83
1669438900.499619659	46	220	350	340	196	85
1669438901.499622432	46	220	350	340	200	87
1669438902.499698263	46	220	350	342	204	89
1669438903.499665858	46	220	348	342	206	91
1669438904.499696443	46	222	348	344	210	93
1669438905.499623464	47	222	348	344	213	95
1669438906.499324397	47	222	348	346	215	97
1669438907.499470352	47	224	348	346	219	99
1669438908.499475491	47	224	348	348	221	101
1669438909.499477233	47	224	348	350	225	104
1669438910.499473880	48	225	348	350	227	106
1669438911.499493349	48	225	348	352	230	108
1669438912.499474723	48	225	348	354	232	110
1669438913.499325812	49	227	348	356	236	112
1669438914.499329723	49	227	348	356	238	114
1669438915.499479969	50	227	348	358	240	116
1669438916.499581456	52	229	348	360	242	118
1669438917.499662600	53	229	348	360	246	120
1669438918.499775640	53	231	348	362	247	122
1669438919.499532371	54	233	348	362	249	124
1669438920.499325320	55	235	348	364	251	126
1669438921.499326284	56	235	348	366	253	128
1669438922.499329700	57	237	348	366	255	130
1669438923.499327748	59	238	348	368	259	132
1669438924.499335257	60	240	350	368	261	134
1669438925.499324383	61	242	350	370	262	136
1669438926.499329535	61	242	350	372	264	140
1669438927.499461094	62	244	350	372	266	142
1669438928.499660892	63	244	350	374	268	144
1669438929.499673369	63	246	350	376	270	146
1669438930.499661552	64	246	350	378	272	148
1669438931.499674729	66	248	350	378	274	151
1669438932.499721176	66	248	350	380	276	153
1669438933.499670789	67	250	350	382	278	155
1669438934.499682965	68	251	350	382	279	157
1669438935.499492984	69	253	350	384	281	159
1669438936.499336800	70	255	350	386	283	161
1669438937.499640258	71	257	350	386	285	163
1669438938.499886525	73	259	350	388	287	165
1669438939.499485667	75	263	352	388	289	167
1669438940.499752238	76	265	352	391	293	169
1669438941.500376003	77	266	352	391	295	169
1669438942.499583798	78	268	355	393	296	171
1669438943.500312876	81	270	355	393	298	173
1669438944.499718808	82	272	357	393	300	175
1669438945.500360390	83	272	357	395	302	177
1669438946.500212337	84	274	360	395	304	179
1669438947.499576960	86	274	360	397	306	181
1669438948.499572341	88	276	360	397	308	183
1669438949.499653830	89	276	362	399	310	185
1669438950.499471812	90	276	362	401	312	187
1669438951.499342505	92	276	365	403	313	187
1669438952.500372252	93	276	365	405	315	189
1669438953.499468778	95	276	367	407	317	191
1669438954.499614043	97	276	367	409	319	193
1669438955.499572307	98	276	370	411	321	195
1669438956.500226513	99	276	370	411	321	197
1669438957.499437555	100	278	372	413	323	200
1669438958.499749705	103	278	372	415	325	202
1669438959.499440497	104	278	375	415	327	204
1669438960.499438305	105	278	375	417	327	204
1669438961.499480271	107	279	377	417	329	206
1669438962.499296139	109	279	377	417	329	208
1669438963.499479718	110	279	380	419	330	210
1669438964.499752315	112	279	380	419	330	212
1669438965.499437045	113	279	382	419	330	214
1669438966.499464202	114	281	382	419	332	214
1669438967.499566004	117	281	382	419	332	216
1669438968.499635841	118	281	385	419	332	218
1669438969.499426436	119	281	387	419	334	218
1669438970.499295808	120	281	387	419	336	220
1669438971.499519566	122	281	387	419	336	222
1669438972.499393377	124	283	387	421	338	224
1669438973.499301568	125	283	389	421	340	224
1669438974.499481661	127	283	389	421	340	226
1669438975.499455915	128	283	392	421	342	226
1669438976.499466407	129	283	392	421	344	228
1669438977.499617819	132	283	392	423	344	230
1669438978.499677262	133	281	394	423	346	230
1669438979.499579883	134	281	394	423	346	232
1669438980.499484102	136	281	394	423	346	232
1669438981.499489615	138	279	397	421	347	232
1669438982.500669542	139	281	397	421	347	234
1669438983.499661676	141	281	397	421	349	234
1669438984.499657174	142	281	399	421	349	236
1669438985.499658855	143	283	399	421	349	236
1669438986.499470640	146	283	402	419	351	238
1669438987.499650935	147	285	402	419	351	238
1669438988.499675665	149	285	404	419	353	238
1669438989.500512210	150	287	404	417	353	240
1669438990.500283954	151	289	407	417	353	240
1669438991.499642871	154	289	409	417	355	240
1669438992.499575009	155	291	409	417	355	240
1669438993.499522393	155	291	412	417	355	242
1669438994.499606885	156	292	412	417	357	242
1669438995.499684377	158	292	414	415	357	242
1669438996.499662980	160	294	414	415	357	245
1669438997.499694025	161	294	417	415	359	245
1669438998.499617674	162	296	417	415	359	245
1669438999.499596996	164	296	419	415	361	245
1669439000.499538893	165	298	419	415	361	247
1669439001.499663168	167	300	421	415	363	247
1669439002.499663531	168	300	421	415	363	249
1669439003.499661717	169	302	421	415	364	249
1669439004.499621421	169	302	424	415	364	249
1669439005.499741307	170	304	424	415	366	249
1669439006.499685658	171	304	424	417	366	251
1669439007.499522734	171	304	426	417	368	251
1669439008.499745906	172	304	426	417	370	251
1669439009.499699860	172	304	426	419	370	251
1669439010.499662359	174	304	426	419	372	251
1669439011.499566499	174	304	429	421	372	251
1669439012.499348863	175	304	429	421	374	251
1669439013.499640160	175	304	429	423	376	253
1669439014.499666137	176	302	431	423	378	253
1669439015.499676441	177	302	431	425	378	253
1669439016.499658700	177	302	431	427	380	253
1669439017.499630594	178	302	431	427	381	253
1669439018.499348554	179	302	434	429	381	253
1669439019.499738224	180	302	434	431	383	255
1669439020.499665905	180	302	434	431	383	255
1669439021.499706144	182	304	434	433	385	255
1669439022.499684083	183	304	434	433	385	255
1669439023.499669229	184	304	434	433	387	257
1669439024.499537295	184	306	434	435	387	257
1669439025.499665512	185	306	434	435	389	259
1669439026.499658466	185	306	436	435	389	259
1669439027.499700885	186	306	436	437	391	261
1669439028.499670655	186	306	436	437	391	261
1669439029.499583575	187	304	436	437	393	261
1669439030.499662883	187	304	436	439	393	263
1669439031.499662501	189	304	439	439	393	263
1669439032.499665667	189	306	439	441	395	265
1669439033.499667393	190	306	439	441	395	265
1669439034.499465758	190	306	441	441	395	267
1669439035.499339107	191	307	441	443	397	267
1669439036.499826159	191	307	441	443	397	267
1669439037.499670429	192	307	444	443	398	269
1669439038.499639786	192	307	444	443	398	269
1669439039.499342200	192	307	444	443	398	269
1669439040.499635403	193	307	444	443	400	269
1669439041.499335723	193	307	446	443	400	271
1669439042.499668793	194	307	446	443	402	271
1669439043.499668235	194	307	446	443	404	271
1669439044.499670411	196	307	446	443	404	271
1669439045.499628452	196	307	446	446	406	271
1669439046.499547247	196	307	449	446	408	271
1669439047.499538013	197	309	449	446	408	271
1669439048.499663742	197	309	449	446	410	273
1669439049.499659893	197	309	449	448	412	273
1669439050.499669270	197	311	446	448	412	273
1669439051.499675900	197	311	446	448	414	273
1669439052.499664567	198	311	446	448	414	273
1669439053.499670186	198	313	446	450	415	275
1669439054.499669183	198	315	446	450	415	275
1669439055.499662069	198	315	446	450	417	275
1669439056.499658447	198	317	446	452	417	275
1669439057.499666264	198	319	446	452	419	277
1669439058.499484963	199	319	446	454	419	277
1669439059.499327125	199	320	449	456	419	277
1669439060.499332878	199	320	449	456	421	279
1669439061.499487345	199	322	449	458	421	279
1669439062.499330229	199	324	449	460	423	279
1669439063.499334350	199	324	449	460	423	281
1669439064.499331037	200	326	449	462	423	281
1669439065.499343992	200	326	449	464	425	281
1669439066.499410583	200	328	449	466	425	283
1669439067.499332453	200	328	449	466	425	283
1669439068.499674030	200	330	449	468	427	283
1669439069.499670486	201	330	449	470	427	285
1669439070.499590006	201	332	451	472	429	285
1669439071.499672365	201	333	451	472	429	285
1669439072.499665023	201	333	451	474	429	287
1669439073.499400444	201	333	451	476	431	287
1669439074.499629057	201	333	451	478	431	287
1669439075.499476107	201	335	451	480	431	287
1669439076.499540130	201	335	451	482	432	289
1669439077.499537210	201	335	454	484	432	289
1669439078.499535098	201	335	454	484	432	289
1669439079.499589606	201	335	454	486	434	289
1669439080.499719000	201	333	454	488	434	289
1669439081.499483038	201	333	454	488	434	291
1669439082.499674146	201	333	454	490	436	291
1669439083.499871290	201	333	454	492	436	291
1669439084.499668322	201	333	454	494	438	291
1669439085.500990318	201	333	456	494	438	291
1669439086.501242887	200	333	456	496	438	293
1669439087.499663640	200	333	456	498	440	293
1669439088.499695158	200	333	456	501	440	293
1669439089.499591955	200	333	458	501	440	293
1669439090.499671524	200	333	458	503	440	293
1669439091.501076340	200	333	458	505	442	296
1669439092.499659860	200	333	461	505	442	296
1669439093.499581623	200	333	461	505	442	296
1669439094.501284337	199	333	461	507	442	298
1669439095.499486467	199	335	461	507	444	298
1669439096.499842998	199	335	463	509	444	300
1669439097.499592835	199	335	463	509	444	300
1669439098.499480037	199	335	463	509	444	302
1669439099.499665756	199	335	466	511	444	302
1669439100.499680404	199	335	466	511	446	304
1669439101.499667163	198	335	466	511	446	304
1669439102.499747762	198	335	466	513	446	304
1669439103.499762205	198	335	466	513	446	306
1669439104.499661913	198	335	468	515	448	306
1669439105.499538349	197	335	468	515	448	308
1669439106.500425495	197	337	468	517	448	308
1669439107.499490219	197	337	468	517	448	310
1669439108.499560568	197	335	471	517	449	310
1669439109.499638772	197	335	471	519	449	310
1669439110.500029921	197	335	471	519	449	312
1669439111.499471970	198	335	473	519	449	312
1669439112.499420027	198	335	473	521	449	312
1669439113.500487278	198	335	476	521	449	312
1669439114.499510587	199	333	476	523	449	312
1669439115.499595974	199	333	478	523	451	312
1669439116.499708259	199	333	478	523	451	312
1669439117.499631008	199	332	478	523	451	312
1669439118.499454525	199	332	481	525	451	312
1669439119.499677023	199	330	481	525	451	312
1669439120.499666640	199	330	481	525	451	312
1669439121.499456840	199	330	481	527	453	312
1669439122.499465517	198	328	481	527	455	312
1669439123.499666326	198	328	481	529	455	314
1669439124.499636480	197	328	481	529	455	314
1669439125.499563748	197	328	481	529	457	314
1669439126.499635663	196	330	481	531	457	314
1669439127.499633761	196	330	481	531	457	316
1669439128.499626583	194	332	478	533	459	316
1669439129.499692808	194	332	478	533	459	316
1669439130.499635057	193	333	478	533	461	318
1669439131.499634815	193	335	478	535	461	318
1669439132.499637002	193	337	478	535	461	320
1669439133.499705260	193	337	478	535	463	320
1669439134.499712470	193	339	478	535	463	322
1669439135.499720200	193	339	478	535	465	322
1669439136.499714960	193	339	478	537	465	324
1669439137.499671916	193	339	478	537	465	324
1669439138.499663623	194	341	481	537	466	326
1669439139.499637503	194	341	481	537	466	326
1669439140.499508051	196	341	481	537	466	326
1669439141.499642080	196	343	481	539	468	328
1669439142.499637791	197	343	483	539	468	328
1669439143.499632674	197	343	483	539	468	330
1669439144.499513205	198	343	483	541	470	330
1669439145.499452147	198	343	483	541	470	330
1669439146.499636343	199	343	486	541	470	332
1669439147.499509024	199	343	486	541	472	332
1669439148.499508416	200	345	486	543	472	332
1669439149.499641059	200	345	486	543	474	332
1669439150.499652412	201	345	488	543	474	332
1669439151.499639962	201	345	488	543	474	332
1669439152.499645998	201	345	488	543	476	334
1669439153.499512907	203	345	488	543	476	334
1669439154.499314276	203	345	491	545	478	334
1669439155.499459220	203	347	491	545	478	334
1669439156.499639258	203	347	491	545	480	334
1669439157.499608507	203	347	491	545	480	336
1669439158.499643249	203	347	491	545	482	336
1669439159.499470343	203	347	491	545	482	336
1669439160.499550054	203	345	491	545	483	338
1669439161.499658067	204	345	491	547	483	338
1669439162.499661797	204	345	491	547	485	338
1669439163.499478640	204	345	491	547	485	340
1669439164.499489809	204	345	493	549	485	340
1669439165.499671132	204	347	493	549	487	340
1669439166.499532873	204	347	493	549	487	342
1669439167.499558721	204	348	493	551	489	342
1669439168.499661046	204	350	493	551	489	345
1669439169.499698064	204	350	493	551	489	345
1669439170.499496783	204	352	493	551	491	347
1669439171.500869754	205	354	495	553	491	347
1669439172.500946610	205	354	495	553	491	349
1669439173.500983377	205	356	495	553	493	349
1669439174.499963567	206	356	495	553	493	351
1669439175.499655519	206	358	495	553	495	353
1669439176.499732481	207	358	495	553	495	353
1669439177.499671242	208	360	495	553	495	355
1669439178.500493833	210	361	495	553	497	355
1669439179.499586104	210	361	498	553	497	357
1669439180.499638146	211	363	498	556	497	357
1669439181.499577619	212	365	498	556	498	359
1669439182.499471174	213	367	498	556	498	359
1669439183.499589710	213	367	498	556	498	361
1669439184.499707282	214	369	500	556	500	361
1669439185.499560917	215	369	500	558	500	361
1669439186.499642819	216	371	500	558	500	361
1669439187.499502460	218	373	500	558	500	363
1669439188.499565130	219	373	500	558	500	363
1669439189.499643312	220	374	500	558	502	363
1669439190.499323018	221	374	500	558	502	363
1669439191.499696829	222	376	500	558	502	363
1669439192.499703521	224	376	500	558	502	363
1669439193.499518613	225	378	500	558	502	363
1669439194.499641471	226	380	500	556	502	363
1669439195.499511956	228	382	500	556	502	365
1669439196.499634375	229	382	500	556	502	365
1669439197.499455252	231	384	500	556	502	365
1669439198.499468803	232	386	500	556	504	365
1669439199.499608717	234	388	500	558	504	365
1669439200.499658565	234	389	503	558	504	365
1669439201.499606837	235	391	503	558	506	365
1669439202.499646983	237	391	503	558	506	365
1669439203.499527233	237	393	503	560	508	365
1669439204.499683613	238	395	503	560	508	365
1669439205.499600819	238	397	505	562	510	367
1669439206.499323236	240	399	505	562	510	367
1669439207.499319976	240	399	505	564	512	367
1669439208.499322309	241	401	505	564	512	367
1669439209.499475204	243	402	508	566	512	369
1669439210.499636521	244	404	508	566	512	369
1669439211.499519575	244	408	510	568	512	369
1669439212.499659706	246	410	510	568	512	369
1669439213.499586134	247	410	513	570	512	371
1669439214.499643607	249	412	513	570	512	371
1669439215.499326914	250	414	515	570	514	371
1669439216.499561121	252	414	518	572	514	371
1669439217.499519418	253	415	518	572	514	373
1669439218.499526127	255	415	520	574	514	373
1669439219.499480857	256	417	523	574	514	375
1669439220.499474484	258	417	525	574	514	375
1669439221.499323958	259	419	525	576	514	375
1669439222.499473310	259	419	527	576	514	377
1669439223.499332638	259	419	527	578	514	377
1669439224.499333076	261	421	530	578	515	377
1669439225.499667659	261	421	532	580	515	377
1669439226.499655640	261	423	532	580	515	379
1669439227.499657085	262	423	535	580	515	379
1669439228.499333468	262	425	535	582	515	379
1669439229.499657389	262	425	535	582	517	379
1669439230.499466025	264	425	537	584	517	377
1669439231.499464184	264	427	537	584	517	377
1669439232.499522663	265	427	537	584	519	377
1669439233.499480076	267	429	540	586	519	377
1669439234.499476094	268	430	540	586	519	377
1669439235.499527198	268	430	540	586	521	379
1669439236.499327229	270	432	542	588	521	379
1669439237.499326931	270	434	542	588	521	379
1669439238.499343821	271	436	545	588	523	379
1669439239.499331284	271	436	545	588	523	381
1669439240.499329097	271	438	545	588	523	381
1669439241.499572028	273	438	547	588	523	381
1669439242.499573457	273	438	547	590	523	383
1669439243.499529659	274	436	547	590	523	383
1669439244.499465657	274	436	547	590	523	383
1669439245.499656068	274	436	547	590	523	385
1669439246.499693090	276	436	550	590	523	385
1669439247.499572838	276	436	550	590	523	385
1669439248.499619457	277	436	550	590	521	385
1669439249.499661420	279	436	550	590	521	387
1669439250.499648842	279	438	552	592	521	387
1669439251.499563323	280	438	552	592	521	387
1669439252.499519647	282	440	552	592	521	387
1669439253.499474477	283	440	555	592	521	387
1669439254.499463794	283	440	555	592	521	389
1669439255.499583551	285	442	555	592	521	389
1669439256.499331843	286	442	557	592	521	389
1669439257.499647904	288	442	557	592	521	389
1669439258.499573496	289	442	557	594	521	391
1669439259.499462817	289	442	560	594	521	391
1669439260.499466077	291	442	560	594	521	391
1669439261.499469389	292	442	560	594	521	391
1669439262.499322474	294	442	562	594	521	391
1669439263.499331973	295	443	562	596	523	393
1669439264.499321838	297	443	562	596	523	393
1669439265.499324826	298	443	564	596	523	393
1669439266.499327687	298	443	564	596	523	393
1669439267.499326399	300	443	564	596	523	393
1669439268.499345019	300	442	567	596	525	393
1669439269.499332543	301	442	567	596	525	396
1669439270.499335899	301	440	567	594	525	396
1669439271.499464366	303	440	567	594	525	396
1669439272.499327108	303	440	567	594	527	396
1669439273.499522667	304	438	567	594	527	396
1669439274.499477780	304	438	567	594	527	398
1669439275.499333312	306	438	567	594	529	398
1669439276.499322573	306	438	567	594	529	398
1669439277.499325063	307	438	567	594	531	398
1669439278.499263083	307	438	567	594	531	400
1669439279.499547138	309	438	567	592	532	400
1669439280.499634933	309	438	567	592	532	400
1669439281.499516638	310	438	567	592	534	400
1669439282.499574153	310	438	567	592	534	402
1669439283.499539898	310	438	569	590	536	402
1669439284.499460237	312	438	569	590	536	402
1669439285.499461141	312	438	569	588	536	402
1669439286.499335347	312	438	569	588	538	404
1669439287.499661603	312	438	569	588	538	404
1669439288.499528195	312	438	569	586	540	406
1669439289.499326799	312	440	569	586	540	406
1669439290.499331923	312	440	569	586	542	406
1669439291.499328505	312	440	572	586	542	408
1669439292.499491519	312	442	572	584	544	408
1669439293.499689595	312	442	572	584	544	410
1669439294.499478838	312	442	572	584	544	412
1669439295.499471118	312	443	572	584	546	412
1669439296.499652006	312	443	574	582	546	414
1669439297.499335311	312	443	574	582	548	414
1669439298.499575610	312	443	574	582	548	416
1669439299.499561802	312	443	574	582	549	416
1669439300.499474823	313	443	574	582	549	418
1669439301.499547021	313	443	574	582	549	418
1669439302.499668074	315	443	574	582	549	420
1669439303.499470334	315	442	574	582	551	420
1669439304.499620146	315	442	574	580	551	420
1669439305.499669503	316	442	574	580	551	422
1669439306.499661951	316	442	574	580	551	422
1669439307.499629587	318	440	574	580	551	422
1669439308.499538916	318	440	574	580	553	422
1669439309.499628511	319	438	574	580	553	424
1669439310.499586604	319	438	574	580	553	424
1669439311.499533307	321	436	574	580	555	424
1669439312.499481867	321	436	574	578	555	424
1669439313.499332600	322	434	574	578	557	424
1669439314.499335301	322	434	574	578	557	426
1669439315.499488295	324	432	574	578	557	426
1669439316.499472702	324	432	574	576	557	426
1669439317.499478057	324	432	574	576	557	426
1669439318.499661461	324	432	574	576	559	428
1669439319.499662441	324	432	574	576	559	428
1669439320.499329112	324	434	574	576	559	430
1669439321.499328497	324	434	574	574	559	430
1669439322.499334481	324	434	574	574	559	432
1669439323.499480595	324	436	574	574	559	432
1669439324.499480799	324	436	574	576	559	434
1669439325.499478507	324	436	574	576	559	434
1669439326.499328675	324	438	574	576	559	434
1669439327.499346653	324	438	574	576	561	434
1669439328.499742329	324	440	577	578	561	434
1669439329.499749060	324	440	577	578	561	436
1669439330.499317266	325	442	577	578	563	436
1669439331.499734925	325	443	577	578	563	436
1669439332.499601523	327	445	579	580	563	436
1669439333.499638031	327	447	579	580	565	436
1669439334.499585389	328	447	579	580	565	436
1669439335.499475460	328	449	582	580	565	436
1669439336.499672356	330	451	582	580	566	436
1669439337.499433279	330	451	584	580	566	436
1669439338.499619772	330	451	584	582	568	436
1669439339.499522072	330	453	587	582	568	436
1669439340.499535336	331	453	587	582	570	436
1669439341.499464124	331	455	587	582	570	436
1669439342.499626001	333	455	589	582	572	436
1669439343.499523048	333	455	589	584	572	436
1669439344.499610493	334	457	589	584	572	436
1669439345.499569859	334	457	592	584	574	436
1669439346.499608132	334	458	592	584	574	436
1669439347.499604802	334	460	592	584	574	436
1669439348.499612178	336	460	594	584	576	436
1669439349.499653856	336	462	594	584	576	436
1669439350.499659150	336	462	597	584	576	436
1669439351.499742261	336	464	597	584	576	436
1669439352.499651070	336	466	597	584	578	436
1669439353.499469030	336	466	599	586	578	436
1669439354.499522441	336	466	599	586	578	436
1669439355.499666265	336	468	599	586	578	436
1669439356.499574779	337	468	601	586	580	436
1669439357.499696973	337	470	601	588	580	436
1669439358.499642753	337	470	601	588	580	436
1669439359.499661957	337	471	601	590	580	436
1669439360.499644022	337	471	604	592	582	436
1669439361.499647389	337	473	604	592	582	436
1669439362.499515327	339	473	604	592	582	436
1669439363.499606424	339	475	606	594	583	436
1669439364.499605956	339	477	606	594	583	436
1669439365.499650746	339	477	609	594	583	436
1669439366.499659046	339	479	609	594	583	436
1669439367.499607263	339	479	611	596	585	436
1669439368.499650990	339	481	614	596	585	436
1669439369.499658615	339	481	614	596	585	438
1669439370.499522055	339	483	616	598	585	438
1669439371.499326474	339	484	619	598	587	438
1669439372.499324301	339	484	619	600	587	438
1669439373.499607349	339	486	621	600	587	438
1669439374.499401189	339	486	621	602	589	438
1669439375.499649095	339	488	624	602	589	438
1669439376.499692390	340	488	624	604	589	438
1669439377.499564154	340	490	626	604	591	440
1669439378.499606027	340	490	626	606	591	440
1669439379.499458866	342	490	629	606	591	440
1669439380.499517259	342	490	629	608	591	440
1669439381.499467614	343	490	629	608	593	440
1669439382.499327099	343	490	629	611	593	440
1669439383.499323470	345	490	631	611	593	440
1669439384.499324308	345	490	631	611	593	440
1669439385.499330825	346	490	631	613	595	440
1669439386.499654003	346	490	631	613	595	440
1669439387.499490230	348	490	631	615	595	440
1669439388.499488916	348	490	631	615	595	440
1669439389.499513738	349	490	631	615	597	440
1669439390.499642898	349	490	631	617	597	440
1669439391.499708466	351	490	631	617	597	440
1669439392.499540174	351	490	633	617	599	440
1669439393.499684936	351	490	633	619	599	440
1669439394.499459548	352	490	633	619	600	440
1669439395.499645579	352	490	633	619	602	440
1669439396.499512276	352	490	636	621	602	440
1669439397.499639560	352	490	636	621	602	440
1669439398.499715039	352	490	636	621	604	442
1669439399.499652077	352	490	636	621	604	442
1669439400.499658108	352	490	636	623	606	442
1669439401.499662463	352	492	636	623	606	442
1669439402.499692824	354	492	638	625	608	445
1669439403.499626065	354	492	638	627	608	445
1669439404.499417026	354	494	638	627	610	445
1669439405.499637547	354	494	638	629	610	445
1669439406.499741900	354	494	641	631	610	447
1669439407.499759851	354	494	641	631	612	447
1669439408.499704771	355	494	641	633	612	447
1669439409.499687731	355	494	643	635	614	449
1669439410.499737523	355	492	643	635	614	449
1669439411.499735439	355	490	646	637	616	449
1669439412.499745433	355	490	646	637	616	451
1669439413.499734386	355	488	646	639	616	451
1669439414.499741864	357	486	648	639	617	451
1669439415.499625749	357	484	648	641	617	453
1669439416.499744434	357	484	648	641	617	453
1669439417.499684140	358	483	648	643	619	455
1669439418.499762230	358	481	648	643	619	455
1669439419.499655079	358	479	648	643	619	455
1669439420.499661320	360	479	651	645	621	457
1669439421.499535674	360	479	651	645	621	457
1669439422.499702762	361	477	651	647	621	459
1669439423.499597281	361	477	651	647	623	459
1669439424.499352038	361	477	651	649	623	459
1669439425.499654439	363	475	651	649	623	459
1669439426.499491297	363	475	651	651	625	461
1669439427.499661436	363	475	651	651	625	461
1669439428.499474931	363	475	651	653	625	461
1669439429.499663657	364	473	651	653	627	463
1669439430.499481370	364	473	651	653	627	463
1669439431.499477529	364	473	651	653	627	463
1669439432.499481035	364	471	651	653	627	465
1669439433.499563803	364	471	651	653	629	465
1669439434.499466656	366	470	651	653	629	467
1669439435.499702953	366	470	651	653	629	467
1669439436.499614831	366	468	651	653	631	467
1669439437.499593905	366	468	651	653	631	469
1669439438.499656476	367	466	651	653	631	469
1669439439.499566732	367	466	651	653	633	469
1669439440.499473933	367	464	651	653	633	471
1669439441.499329982	369	464	651	653	633	471
1669439442.499475121	369	464	651	655	634	473
1669439443.499578866	369	462	651	655	634	473
1669439444.499541841	370	464	651	653	634	473
1669439445.499522588	370	464	651	653	636	475
1669439446.499323806	370	464	651	653	636	475
1669439447.499533937	370	464	651	655	636	475
1669439448.499488341	372	464	651	655	636	477
1669439449.499535157	372	464	651	655	638	477
1669439450.499484815	373	464	651	655	638	479
1669439451.499331682	373	464	651	655	638	479
1669439452.499330473	374	464	651	655	638	479
1669439453.499530693	374	464	651	657	640	481
1669439454.499664743	376	462	651	657	640	481
1669439455.499673035	377	462	651	659	640	483
1669439456.499666178	377	462	651	659	640	483
1669439457.499656283	379	462	651	661	642	483
1669439458.499483418	380	462	651	663	642	485
1669439459.499539123	382	462	651	663	642	485
1669439460.499671460	383	462	648	666	642	487
1669439461.499718072	383	462	648	666	644	487
1669439462.499679878	385	462	648	668	644	489
1669439463.499690449	386	464	648	668	644	489
1669439464.499662007	388	464	648	670	644	489
1669439465.499664431	388	464	648	670	644	491
1669439466.499747221	389	466	648	670	646	491
1669439467.499664636	391	466	648	672	646	494
1669439468.499666634	391	466	648	672	646	494
1669439469.499599506	392	466	648	672	646	494
1669439470.499476488	392	468	648	672	646	496
1669439471.499557681	394	468	648	674	648	496
1669439472.499668693	394	470	648	674	648	496
1669439473.499487941	394	470	648	674	648	498
1669439474.499330986	395	470	651	674	648	498
1669439475.501078803	395	470	651	674	648	498
1669439476.499393050	397	471	651	674	650	500
1669439477.499661812	397	471	653	674	650	500
1669439478.499743270	398	473	653	674	650	500
1669439479.499685647	398	473	653	674	650	502
1669439480.501169808	398	473	653	676	651	502
1669439481.501039562	400	475	656	676	651	502
1669439482.500900947	400	475	656	676	651	502
1669439483.499661029	401	477	656	676	651	504
1669439484.499706505	401	477	656	678	651	504
1669439485.499835110	401	479	656	678	651	504
1669439486.499664454	403	479	656	678	651	504
1669439487.499658018	403	481	656	680	651	504
1669439488.499464234	404	483	656	680	651	506
1669439489.499532102	404	483	658	680	651	506
1669439490.499572969	406	483	658	680	651	506
1669439491.500389409	406	484	658	682	651	506
1669439492.499737516	407	484	658	682	653	506
1669439493.499686458	407	484	658	682	653	506
1669439494.499615138	409	484	658	682	653	506
1669439495.499414354	409	486	658	682	653	506
1669439496.499469385	409	486	658	682	653	506
1669439497.500796493	410	486	658	682	653	508
1669439498.499418486	410	488	658	682	653	508
1669439499.499513249	412	488	658	682	653	508
1669439500.499485252	412	488	658	682	653	508
1669439501.499707800	413	490	658	682	653	508
1669439502.499413916	413	490	658	682	653	508
1669439503.499431850	413	490	658	682	653	508
1669439504.499305588	413	492	658	682	653	508
1669439505.499324390	413	492	658	682	653	508
1669439506.499307107	413	494	661	684	653	510
1669439507.499317699	413	494	661	684	653	510
1669439508.499338497	413	496	661	684	653	510
1669439509.499299476	413	496	661	684	653	510
1669439510.499309178	413	498	661	684	653	510
1669439511.499318788	413	498	661	684	653	512
1669439512.499539782	413	499	661	684	655	512
1669439513.499586403	413	501	663	684	655	512
1669439514.499470107	413	501	663	684	655	514
1669439515.499662556	413	503	663	684	655	514
1669439516.499482035	413	505	663	684	655	514
1669439517.499472184	413	507	663	684	655	514
1669439518.499670217	413	507	663	684	655	516
1669439519.499751303	413	509	663	686	657	516
1669439520.499667452	413	511	663	686	657	516
1669439521.499484331	413	511	663	686	657	516
1669439522.499484038	413	512	666	686	657	518
1669439523.499677543	413	512	666	688	657	518
1669439524.499473971	413	512	666	688	657	518
1669439525.500831581	413	512	666	688	659	518
1669439526.499581473	413	514	666	688	659	520
1669439527.500177722	413	514	666	688	659	520
1669439528.499465171	415	514	668	688	659	520
1669439529.499522416	415	514	668	690	659	520
1669439530.499565481	415	514	668	690	659	520
1669439531.499716866	415	512	670	690	661	522
1669439532.499649580	415	512	670	690	661	522
1669439533.500083306	415	512	670	690	661	522
1669439534.499436266	415	512	670	692	661	522
1669439535.499605661	416	512	673	692	661	522
1669439536.499648202	416	512	673	692	661	522
1669439537.499612084	415	512	673	692	661	524
1669439538.499317280	415	512	673	692	661	524
1669439539.499471542	415	511	675	692	663	524
1669439540.499520707	415	511	675	692	663	524
1669439541.499587009	415	511	675	694	663	524
1669439542.499658276	415	512	675	694	663	524
1669439543.499332336	415	512	675	692	663	524
1669439544.499483185	415	512	678	692	663	524
1669439545.499339054	415	512	678	692	665	524
1669439546.499665948	415	512	678	692	665	526
1669439547.499651852	415	514	678	692	665	526
1669439548.499660780	415	514	680	692	665	526
1669439549.499668573	415	516	680	690	665	526
1669439550.499485643	415	516	680	690	667	526
1669439551.499505251	415	518	680	688	667	526
1669439552.499468360	415	518	680	688	667	526
1669439553.499621108	415	518	683	688	667	526
1669439554.499611827	415	518	683	686	667	526
1669439555.499638232	416	518	683	686	667	526
1669439556.499333563	416	518	683	684	668	528
1669439557.499482965	416	520	683	684	668	528
1669439558.499492804	416	520	683	684	668	528
1669439559.499475199	416	520	683	684	668	528
1669439560.499668223	416	520	683	684	668	528
1669439561.499621574	418	520	683	684	668	528
1669439562.499669774	418	520	683	684	670	528
1669439563.499669968	418	520	683	684	670	528
1669439564.499332851	418	522	683	684	670	528
1669439565.499478253	419	522	685	684	670	528
1669439566.499624595	419	524	685	686	670	528
1669439567.499666643	419	524	685	686	672	528
1669439568.499578055	419	524	685	686	672	528
1669439569.499670991	421	525	688	686	672	530
1669439570.499480130	421	525	688	686	672	530
1669439571.499633699	421	527	688	688	672	530
1669439572.499662300	421	527	688	688	674	530
1669439573.499482881	421	527	688	688	674	530
1669439574.499476273	422	529	688	688	674	530
1669439575.499529889	422	529	690	688	676	532
1669439576.499538355	422	529	690	686	676	532
1669439577.499537714	422	529	690	686	676	532
1669439578.499663000	422	529	690	686	676	532
1669439579.499470362	422	529	690	686	678	534
1669439580.499669906	422	529	690	686	678	534
1669439581.499741933	424	529	690	686	678	534
1669439582.499621278	424	529	690	686	678	534
1669439583.499760080	424	531	690	688	678	534
1669439584.499665180	424	531	690	688	678	536
1669439585.499542805	425	531	693	688	678	536
1669439586.499482434	425	531	693	688	678	536
1669439587.499668488	425	531	693	688	678	536
1669439588.499672149	427	533	693	690	678	536
1669439589.499532416	427	533	693	690	680	536
1669439590.499751136	427	535	693	690	680	536
1669439591.499490447	428	535	693	690	680	536
1669439592.499521740	428	537	693	690	680	536
1669439593.499634069	430	539	693	690	682	538
1669439594.499535024	430	539	693	690	682	536
1669439595.499798037	431	540	693	690	682	536
1669439596.499836521	431	542	693	692	682	536
1669439597.499538016	433	544	693	692	684	536
1669439598.499337323	433	546	693	692	684	536
1669439599.499747511	434	546	693	692	684	536
1669439600.499527347	434	548	690	694	685	536
1669439601.499477773	436	550	690	694	685	536
1669439602.499324823	436	550	690	694	685	536
1669439603.499331870	437	550	690	694	687	536
1669439604.499332280	437	550	693	694	687	536
1669439605.499583538	439	550	693	694	687	536
1669439606.499743163	439	552	693	692	687	536
1669439607.499747481	440	552	693	692	687	536
1669439608.499750982	442	552	693	692	689	536
1669439609.499666494	442	553	693	694	689	536
1669439610.499658044	443	553	695	694	689	536
1669439611.499671295	443	555	695	694	689	536
1669439612.499752424	445	557	695	694	689	536
1669439613.499750969	445	557	695	696	689	536
1669439614.499756403	446	559	698	696	689	536
1669439615.499583344	446	561	698	698	689	536
1669439616.500973096	448	563	698	700	691	536
1669439617.499670358	448	565	698	700	691	536
1669439618.499688308	448	566	698	702	691	536
1669439619.500945078	448	568	700	704	691	536
1669439620.499718658	449	570	700	704	691	536
1669439621.499481487	449	572	700	706	691	538
1669439622.499338071	449	574	700	706	693	538
1669439623.499698850	451	576	700	706	693	538
1669439624.500045506	451	578	700	708	693	538
1669439625.499326809	452	580	703	708	693	538
1669439626.499323536	452	581	703	710	693	538
1669439627.499324758	452	583	703	710	693	538
1669439628.500188726	454	583	703	712	693	538
1669439629.500018538	454	585	703	712	693	538
1669439630.499608598	455	587	703	712	693	538
1669439631.499735603	455	589	703	714	693	538
1669439632.499737574	457	589	703	714	693	538
1669439633.499580848	457	591	703	714	693	538
1669439634.500231082	457	591	703	716	693	538
1669439635.501077145	458	591	705	716	693	538
1669439636.499660589	458	593	705	718	693	538
1669439637.499637146	458	593	705	718	693	540
1669439638.499551964	458	593	705	718	693	540
1669439639.499641854	458	593	705	721	693	540
1669439640.499437922	460	591	707	721	693	540
1669439641.499301417	460	591	707	723	693	540
1669439642.499474013	460	591	707	723	693	540
1669439643.499490187	460	591	710	725	693	540
1669439644.499459355	460	589	710	725	695	540
1669439645.499412154	460	589	710	727	695	540
1669439646.499521706	460	589	710	727	695	540
1669439647.499650866	461	589	710	729	695	540
1669439648.499670146	461	589	712	729	695	540
1669439649.499401866	460	589	712	729	695	540
1669439650.499738422	460	589	712	731	695	540
1669439651.499702013	460	589	712	731	695	542
1669439652.499667720	460	587	712	731	695	542
1669439653.499474282	460	587	712	731	697	542
1669439654.499652932	460	587	712	733	697	542
1669439655.499662292	458	587	712	733	697	542
1669439656.499661434	458	585	712	733	695	545
1669439657.499308920	458	585	712	733	695	545
1669439658.499649075	458	585	712	733	695	545
1669439659.499636911	458	583	712	733	695	545
1669439660.499604152	458	583	712	733	695	547
1669439661.499656444	458	581	712	733	695	547
1669439662.499751358	458	581	712	733	695	547
1669439663.499721309	458	581	712	733	695	547
1669439664.499719009	458	580	712	733	695	547
1669439665.499679019	458	580	712	733	695	547
1669439666.499689652	458	580	715	733	695	547
1669439667.499639826	458	580	715	733	695	547
1669439668.499653508	458	580	715	733	695	547
1669439669.499672309	458	580	715	733	695	547
1669439670.499657088	458	580	715	733	695	547
1669439671.499634880	460	581	717	733	697	549
1669439672.499401881	460	581	717	735	697	549
1669439673.499752367	460	583	717	735	697	549
1669439674.499734497	460	585	717	735	697	549
1669439675.499646216	460	585	720	735	697	549
1669439676.499895685	460	587	720	735	697	549
1669439677.499622206	461	587	720	735	697	549
1669439678.499646097	461	589	722	737	697	551
1669439679.499602069	461	589	722	737	697	551
1669439680.499571117	461	589	722	737	697	551
1669439681.500140760	461	589	722	737	697	551
1669439682.499532674	463	589	725	739	697	551
1669439683.499456341	463	589	725	739	699	551
1669439684.499667216	463	587	725	739	699	553
1669439685.499480806	463	587	725	739	699	553
1669439686.499613042	463	587	727	739	699	553
1669439687.499552526	464	585	727	739	699	553
1669439688.499645903	464	585	727	739	699	555
1669439689.499642105	464	585	727	739	699	555
1669439690.499640403	464	583	730	739	699	555
1669439691.499599848	464	583	730	739	699	555
1669439692.499331058	464	583	730	739	699	557
1669439693.499690583	464	583	730	741	699	557
1669439694.499693483	466	583	730	741	699	557
1669439695.499690198	466	583	730	741	699	559
1669439696.499689936	466	583	730	741	699	559
1669439697.499640673	466	581	730	741	699	559
1669439698.499634658	466	581	730	741	699	561
1669439699.499635658	466	581	730	743	701	561
1669439700.499637847	466	581	730	743	701	561
1669439701.499636105	467	581	730	743	701	563
1669439702.499654106	467	580	732	743	701	563
1669439703.499654283	467	580	732	743	701	563
1669439704.499653741	467	580	732	743	702	563
1669439705.499689323	467	578	732	743	702	563
1669439706.499652321	467	578	732	743	702	565
1669439707.499662603	467	578	732	741	702	565
1669439708.499653561	467	576	732	741	702	565
1669439709.499457005	467	576	732	741	702	565
1669439710.499695208	469	576	732	741	704	565
1669439711.499644485	469	574	732	739	704	565
1669439712.499686084	469	574	732	739	704	567
1669439713.499686046	469	574	732	739	704	567
1669439714.499683062	469	574	732	739	704	567
1669439715.499527826	470	574	732	737	704	567
1669439716.499612842	470	572	732	737	704	569
1669439717.499692443	470	572	732	737	706	569
1669439718.499732590	470	572	732	735	706	569
1669439719.499521700	470	572	732	735	706	571
1669439720.499692469	470	572	732	735	708	571
1669439721.499642515	470	572	732	735	708	571
1669439722.499658113	469	572	732	735	708	573
1669439723.499660479	469	572	732	735	710	573
1669439724.499695418	469	572	732	735	710	573
1669439725.499741467	469	572	732	735	710	573
1669439726.499691259	469	572	732	737	712	573
1669439727.499701670	469	572	732	737	712	573
1669439728.499710688	467	574	732	737	712	575
1669439729.499618990	467	574	732	739	714	575
1669439730.499654569	467	574	732	739	714	575
1669439731.499663028	467	574	732	739	714	575
1669439732.499643371	467	574	732	741	714	575
1669439733.499721589	467	576	732	741	716	575
1669439734.499651278	467	576	732	741	716	575
1669439735.499413683	466	576	735	743	716	575
1669439736.499751109	466	576	735	743	718	575
1669439737.499753258	466	576	735	745	718	577
1669439738.499624430	466	578	735	745	718	577
1669439739.499656519	466	578	735	745	718	577
1669439740.499646739	466	578	735	747	719	577
1669439741.499671640	467	578	735	747	719	577
1669439742.499640461	467	578	735	747	719	577
1669439743.499693843	467	580	735	747	719	577
1669439744.499649244	467	580	735	749	721	577
1669439745.499690886	467	580	737	749	721	577
1669439746.499643718	469	581	737	749	721	577
1669439747.499662048	469	581	737	749	723	577
1669439748.499678300	469	581	737	749	723	577
1669439749.499657869	469	583	737	751	723	577
1669439750.499526492	470	583	739	751	725	577
1669439751.499470848	470	585	739	751	725	577
1669439752.499654449	470	585	739	753	725	577
1669439753.499732843	472	585	739	753	725	577
1669439754.499739807	472	587	739	753	727	577
1669439755.499738942	472	587	739	755	727	577
1669439756.499658555	472	587	742	755	727	579
1669439757.499740929	473	589	742	755	727	579
1669439758.499660383	473	589	742	755	729	579
1669439759.499655159	473	589	742	757	729	579
1669439760.499687889	475	591	742	757	729	579
1669439761.499724792	475	591	742	757	729	579
1669439762.499333292	475	591	742	757	731	579
1669439763.499715252	476	591	742	757	731	579
1669439764.499711480	476	591	742	759	731	579
1669439765.499496077	476	591	742	759	731	579
1669439766.499585547	476	591	742	759	733	579
1669439767.499743950	476	591	744	759	733	579
1669439768.499736439	478	591	744	759	733	579
1669439769.499668571	478	593	744	759	734	579
1669439770.499338772	478	593	744	759	734	579
1669439771.499650532	478	593	744	759	734	579
1669439772.499628516	478	593	744	759	734	579
1669439773.499657760	478	593	744	759	736	579
1669439774.499585062	478	593	744	759	736	579
1669439775.499692567	478	593	744	759	736	579
1669439776.499529820	478	593	747	761	736	579
1669439777.499539465	479	593	747	761	736	581
1669439778.499540373	479	593	747	761	736	581
1669439779.499479369	479	593	749	761	736	581
1669439780.499335478	479	594	749	761	736	581
1669439781.499534541	479	594	749	763	736	579
1669439782.499666510	479	594	749	763	736	579
1669439783.499535663	481	594	749	763	738	579
1669439784.499667178	481	594	752	765	738	579
1669439785.499672554	481	594	752	765	738	579
1669439786.499534299	481	596	752	765	738	579
1669439787.499661189	481	596	752	767	738	579
1669439788.499536501	481	596	752	767	738	579
1669439789.499748331	481	596	752	767	738	579
1669439790.499483481	481	596	754	769	738	579
1669439791.499525083	481	596	754	769	738	579
1669439792.499537816	481	596	754	769	738	579
1669439793.499473974	481	596	754	769	740	579
1669439794.499401316	481	598	757	771	740	579
1669439795.499668559	482	598	757	771	740	579
1669439796.499602205	482	598	757	771	740	579
1669439797.499630375	482	598	757	773	740	579
1669439798.499627633	482	598	759	773	740	579
1669439799.499626895	482	598	759	773	740	579
1669439800.499395124	484	598	759	776	740	579
1669439801.499664893	484	598	759	776	742	579
1669439802.499335858	484	598	762	778	742	581
1669439803.499332278	484	598	762	778	742	581
1669439804.499338322	485	596	762	780	742	581
1669439805.499340654	485	596	764	780	742	581
1669439806.499546676	485	596	764	782	742	581
1669439807.499677751	485	596	764	782	742	581
1669439808.499667189	485	596	764	784	744	581
1669439809.499669872	487	596	764	784	744	581
1669439810.500979728	487	596	767	784	744	583
1669439811.499598199	487	596	767	784	744	583
1669439812.500585084	487	596	767	784	744	583
1669439813.499352155	487	596	767	786	744	583
1669439814.500917820	488	596	767	786	744	583
1669439815.500980259	488	596	767	786	744	583
1669439816.499877097	488	596	767	786	744	583
1669439817.500664168	488	596	767	786	744	583
1669439818.499636496	488	596	769	786	744	583
1669439819.499684161	488	598	769	784	744	583
1669439820.499869568	490	598	769	784	744	583
1669439821.499413382	490	598	769	784	744	583
1669439822.499729703	490	598	769	784	744	585
1669439823.499653719	490	598	769	784	744	585
1669439824.499523119	490	598	769	784	744	585
1669439825.499322784	490	600	772	784	744	585
1669439826.499319245	491	600	772	784	744	585
1669439827.499324514	491	600	772	784	746	587
1669439828.499334796	491	602	772	782	746	587
1669439829.499310331	491	602	772	782	746	587
1669439830.499439839	491	602	772	782	746	587
1669439831.499512436	493	604	774	782	746	589
1669439832.499521311	493	604	774	782	746	589
1669439833.499555221	493	604	774	782	746	589
1669439834.499445138	494	604	776	782	746	589
1669439835.499561455	494	604	776	782	748	589
1669439836.499700272	494	604	776	782	748	591
1669439837.499630671	496	604	776	782	748	591
1669439838.499563362	496	606	776	782	748	591
1669439839.499460289	496	606	779	782	748	591
1669439840.499407122	496	606	779	782	750	591
1669439841.499551000	496	606	779	782	750	594
1669439842.499403439	496	607	779	782	750	594
1669439843.499659717	496	607	779	782	750	594
1669439844.499561157	496	607	779	782	750	594
1669439845.499628263	496	609	781	782	750	594
1669439846.499578515	496	609	781	784	751	596
1669439847.499481439	496	609	781	784	751	596
1669439848.499647515	496	609	781	784	751	596
1669439849.499469261	496	611	781	784	751	596
1669439850.499645921	496	611	784	784	751	596
1669439851.499528608	494	611	784	784	751	598
1669439852.499660514	494	611	784	786	751	598
1669439853.499642939	494	611	784	786	753	598
1669439854.499663983	494	611	784	786	753	598
1669439855.499544434	494	611	784	786	753	600
1669439856.499480226	494	611	784	788	753	600
1669439857.499678189	494	613	786	788	753	600
1669439858.499662863	494	613	786	788	753	600
1669439859.499586458	494	613	786	788	753	602
1669439860.499689536	494	613	786	788	753	602
1669439861.499658884	494	613	786	790	753	602
1669439862.499648791	496	615	786	790	755	602
1669439863.499657539	496	615	786	790	755	602
1669439864.499641002	496	617	786	790	755	604
1669439865.499650746	496	617	789	790	755	604
1669439866.499668298	496	617	789	790	755	604
1669439867.499611465	496	617	789	790	755	604
1669439868.499523148	496	619	789	790	757	604
1669439869.499469465	496	619	789	790	757	606
1669439870.499616610	496	619	789	790	757	606
1669439871.499666269	497	619	789	790	757	606
1669439872.499644672	497	619	791	788	759	608
1669439873.499684645	497	619	791	788	759	608
1669439874.499666488	497	619	791	788	759	608
1669439875.499593324	497	619	791	788	759	608
1669439876.501070597	499	619	794	788	761	610
1669439877.501013330	499	619	794	786	761	610
1669439878.499684663	499	619	794	786	761	610
1669439879.500743201	499	619	794	786	761	612
1669439880.499467815	500	619	794	786	761	612
1669439881.499525819	500	621	794	784	761	612
1669439882.500557968	500	621	796	784	761	612
1669439883.499585739	500	621	796	784	761	614
1669439884.500475391	500	621	796	784	761	614
1669439885.500073768	500	621	794	782	761	614
1669439886.499563138	502	622	794	782	761	616
1669439887.499638771	502	622	794	782	761	616
1669439888.499595802	502	622	794	782	761	616
1669439889.499546142	502	624	794	782	761	618
1669439890.499266725	502	624	794	782	761	618
1669439891.499648625	502	624	794	782	761	618
1669439892.499638899	502	624	794	782	761	618
1669439893.499655846	503	626	794	782	761	620
1669439894.499646737	503	626	794	782	761	620
1669439895.499648886	503	628	794	782	761	620
1669439896.499650072	503	630	794	782	761	620
1669439897.499531863	503	630	794	782	761	620
1669439898.499483410	505	630	794	782	761	620
1669439899.499323107	505	630	794	782	761	620
1669439900.499332334	505	632	794	782	761	620
1669439901.499521908	506	632	796	782	761	622
1669439902.499523223	506	632	796	782	761	622
1669439903.499701688	508	632	796	780	763	622
1669439904.499704655	508	632	796	780	763	622
1669439905.499672598	509	632	796	780	763	622
1669439906.499681923	509	630	796	780	763	624
1669439907.499657680	511	630	799	780	763	624
1669439908.499651221	511	632	799	780	763	624
1669439909.499659097	512	632	799	780	763	624
1669439910.499658363	512	632	799	780	763	626
1669439911.499640972	514	632	799	780	763	626
1669439912.499649379	514	632	799	780	765	626
1669439913.499649512	515	632	799	780	765	626
1669439914.499577667	515	634	801	782	765	626
1669439915.499689926	517	634	801	782	765	626
1669439916.499653527	517	634	801	782	765	626
1669439917.499650216	517	635	801	782	767	626
1669439918.499647533	518	635	801	784	767	626
1669439919.499647503	518	635	801	784	767	626
1669439920.499610900	518	635	801	786	767	626
1669439921.499614735	518	637	801	786	767	628
1669439922.499459680	520	637	801	788	767	628
1669439923.499525947	520	637	801	788	767	628
1669439924.499644997	520	637	801	788	767	628
1669439925.499450209	520	637	801	788	767	628
1669439926.499466232	520	637	801	790	768	628
1669439927.499511070	520	639	801	790	768	628
1669439928.499600766	520	639	801	790	768	628
1669439929.499604486	521	639	801	790	768	628
1669439930.499684191	521	639	801	790	768	628
1669439931.499634982	521	639	804	792	768	628
1669439932.499476714	523	639	804	792	770	630
1669439933.499655924	523	639	804	792	770	630
1669439934.499610580	523	639	804	792	770	630
1669439935.499656275	524	639	804	792	770	630
1669439936.499648438	524	637	804	792	770	630
1669439937.499696461	524	637	806	792	770	630
1669439938.499687819	525	637	806	792	770	630
1669439939.499640672	525	637	806	792	772	630
1669439940.499650492	527	637	806	792	772	632
1669439941.499465330	527	637	806	792	772	632
1669439942.499570744	527	637	806	792	772	632
1669439943.499655199	528	637	808	792	772	632
1669439944.499663616	528	637	808	792	772	632
1669439945.499531172	528	637	808	790	772	632
1669439946.499325487	528	639	808	790	774	632
1669439947.499479198	528	639	808	790	774	632
1669439948.499523330	528	639	808	790	774	632
1669439949.499651720	528	639	811	788	774	632
1669439950.499707032	528	641	811	788	774	632
1669439951.499652805	528	641	811	788	774	634
1669439952.499700984	528	641	811	788	774	634
1669439953.499643488	528	643	811	788	774	634
1669439954.499657043	528	643	811	788	774	634
1669439955.499641660	528	643	811	788	776	634
1669439956.499641695	528	643	811	790	776	634
1669439957.499597524	528	643	811	790	776	634
1669439958.499594098	528	643	811	790	776	634
1669439959.499500731	528	643	811	790	776	634
1669439960.499639407	528	643	811	792	778	634
1669439961.499503574	528	643	811	792	778	634
1669439962.499600096	528	643	811	792	778	634
1669439963.499606138	528	643	811	794	780	634
1669439964.499523228	528	645	813	794	780	634
1669439965.499564274	528	645	813	794	780	634
1669439966.499647007	528	647	813	794	780	634
1669439967.499640405	528	647	813	794	780	634
1669439968.499640955	528	648	813	796	780	634
1669439969.499455267	528	648	813	796	782	634
1669439970.499601913	528	650	813	796	782	636
1669439971.499328369	528	650	813	798	782	636
1669439972.499329838	528	652	813	798	782	636
1669439973.499322534	528	652	813	798	784	636
1669439974.499323708	528	654	813	800	784	636
1669439975.499330366	528	656	813	800	784	636
1669439976.499329378	528	656	816	800	784	636
1669439977.499327035	528	658	816	802	785	636
1669439978.499402565	528	658	816	802	785	636
1669439979.499331058	528	660	816	802	785	636
1669439980.499334051	528	660	816	804	785	636
1669439981.499397038	528	660	816	804	787	636
1669439982.499465208	528	660	818	804	787	636
1669439983.499325395	528	660	818	804	787	636
1669439984.499565621	528	658	818	804	787	636
1669439985.499654804	530	658	818	804	789	636
1669439986.499613979	530	658	818	804	789	636
1669439987.499525907	530	658	821	802	789	636
1669439988.499327111	530	656	821	802	789	638
1669439989.499686283	530	656	821	802	789	638
1669439990.499645482	530	656	821	802	791	638
1669439991.499650586	530	654	821	802	791	638
1669439992.499644052	530	654	821	802	791	638
1669439993.499460053	530	654	821	802	791	640
1669439994.499635793	530	654	818	800	791	640
1669439995.499631169	530	654	818	800	793	640
1669439996.499635893	530	654	816	800	793	640
1669439997.499401702	531	652	816	798	793	640
1669439998.499741736	531	652	816	798	793	642
1669439999.499570574	531	652	813	798	793	642
1669440000.499655192	531	650	811	796	795	642
1669440001.499663830	531	650	811	794	795	642
1669440002.499429553	531	650	808	794	795	642
1669440003.499695234	531	650	806	792	795	642
1669440004.499580790	531	648	806	792	795	642
1669440005.499675414	531	648	804	790	795	642
1669440006.499666330	531	647	801	790	795	642
1669440007.499584651	533	647	801	788	795	642
1669440008.499660864	533	647	799	786	795	645
1669440009.499579554	533	645	796	784	797	645
1669440010.499631914	533	645	796	784	797	645
1669440011.499658674	533	645	794	782	797	645
1669440012.499540543	534	643	791	780	797	645
1669440013.499666363	534	643	791	778	797	645
1669440014.499329097	534	643	789	778	797	645
1669440015.499339114	534	643	789	776	797	645
1669440016.499330136	534	641	786	773	797	645
1669440017.499484163	536	641	784	773	797	645
1669440018.499484069	536	641	784	771	797	645
1669440019.499341075	536	641	781	771	797	645
1669440020.499673209	536	641	779	769	797	645
1669440021.499552008	537	639	779	767	797	645
1669440022.499624874	537	639	776	767	797	645
1669440023.501345239	537	639	774	765	797	645
1669440024.499851418	537	637	772	765	797	645
1669440025.501296527	537	637	772	763	799	647
1669440026.499666114	539	637	769	763	799	647
1669440027.499338983	539	637	767	761	799	647
1669440028.499326911	539	635	767	761	799	647
1669440029.499327104	539	635	764	759	799	647
1669440030.500265341	539	635	762	759	799	649
1669440031.499467646	539	635	762	757	799	649
1669440032.499417335	540	634	759	757	799	649
1669440033.499516325	540	634	757	755	799	649
1669440034.499298188	540	634	757	755	797	649
1669440035.499565633	542	632	754	755	797	651
1669440036.499480310	542	632	752	753	797	651
1669440037.499529386	542	630	752	753	797	651
1669440038.499639053	543	630	749	753	797	653
1669440039.499611671	543	628	749	751	797	653
1669440040.499659982	545	628	747	751	797	653
1669440041.499649646	545	626	744	749	797	653
1669440042.499326862	546	624	744	749	797	655
1669440043.499328310	546	624	742	747	797	655
1669440044.499469332	548	622	742	747	795	655
1669440045.499619542	548	622	739	745	795	657
1669440046.499327970	549	621	739	743	795	657
1669440047.499330524	549	621	737	743	795	657
1669440048.499326491	551	621	735	741	795	657
1669440049.499468667	551	621	735	739	793	659
1669440050.499581530	552	619	732	739	793	659
1669440051.499656399	552	619	732	737	793	659
1669440052.499659656	554	617	730	737	793	659
1669440053.499481474	554	617	727	735	791	661
1669440054.499657984	555	615	727	733	791	661
1669440055.499563393	555	615	725	733	791	661
1669440056.499653020	557	613	722	731	791	661
1669440057.499731785	557	613	722	731	791	661
1669440058.499732634	558	611	720	729	791	661
1669440059.499655084	558	609	717	727	791	661
1669440060.499464025	558	609	717	727	789	661
1669440061.499478553	560	607	715	725	789	661
1669440062.499327113	560	606	715	723	789	661
1669440063.499316518	561	604	712	723	789	663
1669440064.499323793	561	604	710	721	789	663
1669440065.499328132	561	602	710	718	789	663
1669440066.499344000	563	600	707	718	789	663
1669440067.499337056	563	598	707	716	789	663
1669440068.499326895	563	598	705	714	787	663
1669440069.499328207	564	596	703	714	787	663
1669440070.499328630	564	596	700	712	787	663
1669440071.499328569	564	596	700	710	787	663
1669440072.499526712	566	596	698	710	785	663
1669440073.499474413	566	596	695	708	785	663
1669440074.499475246	566	596	693	706	785	663
1669440075.499332883	567	596	690	706	784	663
1669440076.499480465	567	596	690	706	784	663
1669440077.499466653	567	596	688	704	782	661
1669440078.499328621	567	596	685	704	782	661
1669440079.499329141	567	596	685	704	780	661
1669440080.499327312	569	598	683	704	780	661
1669440081.499320770	569	598	680	704	778	661
1669440082.499319714	569	598	680	702	778	661
1669440083.499328488	569	598	680	702	776	659
1669440084.499344027	569	600	680	702	776	659
1669440085.499325721	570	600	678	702	774	659
1669440086.499325319	570	600	678	702	774	659
1669440087.499323301	570	600	678	702	772	657
1669440088.499329392	572	600	678	702	772	657
1669440089.499326384	572	602	678	704	770	657
1669440090.499342898	572	602	678	704	770	657
1669440091.499463027	572	602	678	704	768	657
1669440092.499606380	572	602	675	704	767	657
1669440093.499570640	573	602	675	704	767	655
1669440094.499614817	573	602	675	704	765	655
1669440095.499464769	573	602	675	704	765	655
1669440096.499467086	573	602	678	702	763	655
1669440097.499533532	573	602	678	702	763	655
1669440098.499644618	573	604	678	702	761	655
1669440099.499468743	573	604	675	702	761	653
1669440100.499468330	575	604	675	702	759	653
1669440101.499526561	575	604	675	702	759	653
1669440102.499711811	575	604	675	702	759	653
1669440103.499704966	575	604	675	702	757	653
1669440104.499336958	575	604	675	702	757	653
1669440105.499703292	575	604	675	702	755	653
1669440106.499596512	575	604	675	702	755	651
1669440107.499611922	575	604	675	702	753	651
1669440108.499469421	575	604	675	702	753	651
1669440109.499472200	575	604	675	700	751	651
1669440110.499655568	575	604	675	700	750	651
1669440111.499635712	575	604	673	700	750	651
1669440112.499627985	575	604	673	700	748	649
1669440113.499565088	575	606	673	700	748	649
1669440114.499519656	575	606	673	700	746	649
1669440115.499322653	575	606	673	700	744	647
1669440116.499526796	575	606	673	698	744	647
1669440117.499455786	575	606	673	698	742	647
1669440118.499522404	575	606	673	698	742	645
1669440119.499323240	575	606	670	698	740	645
1669440120.499329376	575	606	670	698	740	645
1669440121.499326588	575	606	670	696	738	642
1669440122.499324260	575	606	670	696	738	642
1669440123.499323862	575	606	668	696	736	640
1669440124.499335587	575	606	668	696	736	640
1669440125.499325066	575	606	668	694	734	640
1669440126.499349100	575	606	666	694	734	638
1669440127.499320404	575	606	666	694	734	638
1669440128.499339931	575	606	666	694	733	636
1669440129.499343088	573	607	666	692	733	636
1669440130.499558704	573	607	663	692	731	634
1669440131.499688690	573	607	663	692	731	634
1669440132.499699433	573	607	663	690	729	632
1669440133.499468482	573	607	661	690	729	632
1669440134.499622805	573	607	661	688	727	630
1669440135.499651024	573	609	661	688	727	630
1669440136.499329152	573	609	658	688	725	628
1669440137.499330008	573	609	658	688	723	628
1669440138.499468938	573	609	658	686	723	626
1669440139.499518011	573	609	656	686	721	626
1669440140.499518695	573	607	656	686	721	624
1669440141.499525199	573	607	656	686	719	624
1669440142.499565866	573	607	656	684	719	624
1669440143.499649138	573	607	653	684	718	622
1669440144.499640235	573	607	653	684	716	622
1669440145.499527249	573	607	653	684	716	622
1669440146.499559404	572	607	651	684	714	620
1669440147.499642170	572	607	651	684	712	620
1669440148.499484456	572	607	651	682	712	618
1669440149.499661386	572	607	648	682	710	618
1669440150.499598035	572	607	648	682	708	618
1669440151.499478789	572	606	648	682	708	616
1669440152.499328103	572	606	648	680	706	616
1669440153.499472980	572	606	648	680	706	614
1669440154.499334812	572	606	646	680	704	614
1669440155.499466496	572	606	646	680	702	614
1669440156.499328037	572	606	646	678	702	612
1669440157.499334182	572	606	646	678	701	612
1669440158.499333482	572	606	646	678	701	610
1669440159.499340899	572	606	646	678	699	610
1669440160.499339846	572	604	643	676	699	610
1669440161.499336881	572	604	643	676	697	608
1669440162.499327659	570	604	643	676	697	608
1669440163.499329310	570	604	643	676	695	608
1669440164.499326302	570	604	643	674	695	606
1669440165.499521073	570	604	641	674	695	606
1669440166.499520673	570	602	641	674	693	606
1669440167.499532393	569	602	641	674	693	606
1669440168.499329451	569	602	641	674	691	604
1669440169.499599270	569	600	641	672	691	604
1669440170.499461570	569	600	641	672	689	604
1669440171.499328137	567	600	638	672	689	604
1669440172.499341497	567	600	638	670	689	602
1669440173.499686633	566	598	638	670	687	602
1669440174.499529452	566	598	638	670	687	602
1669440175.499398510	566	598	638	668	687	602
1669440176.499662468	564	596	636	668	687	600
1669440177.499522019	564	596	636	668	685	600
1669440178.499332012	563	596	636	666	685	600
1669440179.499482910	563	596	633	666	685	600
1669440180.499334529	563	596	633	666	684	598
1669440181.499336171	561	594	633	666	684	598
1669440182.499330982	561	594	631	663	684	598
1669440183.499479888	561	594	631	663	684	596
1669440184.499478190	561	594	631	661	682	596
1669440185.499501477	560	594	631	661	682	596
1669440186.499514648	560	594	629	661	682	594
1669440187.499542042	560	593	629	659	680	594
1669440188.499667682	560	593	629	659	680	594
1669440189.499544290	558	593	629	659	680	591
1669440190.499470954	558	593	626	657	678	591
1669440191.498988252	558	593	626	657	678	591
