0.50 0.50 0.02
0.75 0.50 0.02
1.00 0.50 0.03
1.25 0.50 0.03
1.50 0.50 0.03
1.75 0.50 0.04
2.00 0.50 0.06
2.25 0.50 0.08
2.50 0.50 0.09
2.75 0.50 0.11
3.00 0.50 0.14
3.25 0.50 0.16
3.50 0.50 0.18
3.75 0.50 0.28
4.00 0.50 0.37
4.25 0.50 0.47
4.50 0.50 0.56
4.75 0.50 0.59
5.00 0.50 0.62
5.25 0.50 0.65
5.50 0.50 0.68
5.75 0.50 0.73
6.00 0.50 0.79
6.25 0.50 0.84
6.50 0.50 0.89
6.75 0.50 1.08
7.00 0.50 1.26
7.25 0.50 1.45
7.50 0.50 1.64
0.50 0.75 0.02
0.75 0.75 0.03
1.00 0.75 0.03
1.25 0.75 0.03
1.50 0.75 0.04
1.75 0.75 0.05
2.00 0.75 0.07
2.25 0.75 0.08
2.50 0.75 0.09
2.75 0.75 0.11
3.00 0.75 0.13
3.25 0.75 0.15
3.50 0.75 0.18
3.75 0.75 0.27
4.00 0.75 0.37
4.25 0.75 0.46
4.50 0.75 0.61
4.75 0.75 0.62
5.00 0.75 0.65
5.25 0.75 0.68
5.50 0.75 0.71
5.75 0.75 0.76
6.00 0.75 0.81
6.25 0.75 0.86
6.50 0.75 0.80
6.75 0.75 0.93
7.00 0.75 1.11
7.25 0.75 1.30
7.50 0.75 1.49
0.50 1.00 0.02
0.75 1.00 0.03
1.00 1.00 0.04
1.25 1.00 0.04
1.50 1.00 0.04
1.75 1.00 0.06
2.00 1.00 0.07
2.25 1.00 0.08
2.50 1.00 0.08
2.75 1.00 0.10
3.00 1.00 0.13
3.25 1.00 0.15
3.50 1.00 0.17
3.75 1.00 0.27
4.00 1.00 0.37
4.25 1.00 0.52
4.50 1.00 0.67
4.75 1.00 0.67
5.00 1.00 0.68
5.25 1.00 0.71
5.50 1.00 0.74
5.75 1.00 0.79
6.00 1.00 0.84
6.25 1.00 0.78
6.50 1.00 0.71
6.75 1.00 0.83
7.00 1.00 0.96
7.25 1.00 1.15
7.50 1.00 1.33
0.50 1.25 0.02
0.75 1.25 0.03
1.00 1.25 0.04
1.25 1.25 0.05
1.50 1.25 0.05
1.75 1.25 0.07
2.00 1.25 0.07
2.25 1.25 0.07
2.50 1.25 0.08
2.75 1.25 0.10
3.00 1.25 0.12
3.25 1.25 0.15
3.50 1.25 0.17
3.75 1.25 0.27
4.00 1.25 0.42
4.25 1.25 0.57
4.50 1.25 0.72
4.75 1.25 0.73
5.00 1.25 0.73
5.25 1.25 0.73
5.50 1.25 0.76
5.75 1.25 0.82
6.00 1.25 0.75
6.25 1.25 0.69
6.50 1.25 0.62
6.75 1.25 0.74
7.00 1.25 0.87
7.25 1.25 0.99
7.50 1.25 1.18
0.50 1.50 0.02
0.75 1.50 0.03
1.00 1.50 0.04
1.25 1.50 0.05
1.50 1.50 0.06
1.75 1.50 0.06
2.00 1.50 0.07
2.25 1.50 0.07
2.50 1.50 0.07
2.75 1.50 0.10
3.00 1.50 0.12
3.25 1.50 0.15
3.50 1.50 0.17
3.75 1.50 0.32
4.00 1.50 0.48
4.25 1.50 0.63
4.50 1.50 0.78
4.75 1.50 0.78
5.00 1.50 0.79
5.25 1.50 0.79
5.50 1.50 0.79
5.75 1.50 0.73
6.00 1.50 0.66
6.25 1.50 0.59
6.50 1.50 0.53
6.75 1.50 0.66
7.00 1.50 0.78
7.25 1.50 0.91
7.50 1.50 1.03
0.50 1.75 0.02
0.75 1.75 0.03
1.00 1.75 0.04
1.25 1.75 0.05
1.50 1.75 0.06
1.75 1.75 0.06
2.00 1.75 0.06
2.25 1.75 0.06
2.50 1.75 0.06
2.75 1.75 0.09
3.00 1.75 0.11
3.25 1.75 0.14
3.50 1.75 0.63
3.75 1.75 0.28
4.00 1.75 0.43
4.25 1.75 0.58
4.50 1.75 0.74
4.75 1.75 0.74
5.00 1.75 0.74
5.25 1.75 0.74
5.50 1.75 0.68
5.75 1.75 1.45
6.00 1.75 1.39
6.25 1.75 1.32
6.50 1.75 1.26
6.75 1.75 1.38
7.00 1.75 1.51
7.25 1.75 1.63
7.50 1.75 1.32
0.50 2.00 0.02
0.75 2.00 0.03
1.00 2.00 0.04
1.25 2.00 0.05
1.50 2.00 0.06
1.75 2.00 0.05
2.00 2.00 0.05
2.25 2.00 0.05
2.50 2.00 0.06
2.75 2.00 0.08
3.00 2.00 0.11
3.25 2.00 0.60
3.50 2.00 1.09
3.75 2.00 0.74
4.00 2.00 0.39
4.25 2.00 0.54
4.50 2.00 0.70
4.75 2.00 0.70
5.00 2.00 0.70
5.25 2.00 0.64
5.50 2.00 0.57
5.75 2.00 1.34
6.00 2.00 2.11
6.25 2.00 2.04
6.50 2.00 1.98
6.75 2.00 2.10
7.00 2.00 2.23
7.25 2.00 1.93
7.50 2.00 1.62
0.50 2.25 0.02
0.75 2.25 0.03
1.00 2.25 0.04
1.25 2.25 0.04
1.50 2.25 0.05
1.75 2.25 0.05
2.00 2.25 0.05
2.25 2.25 0.04
2.50 2.25 0.05
2.75 2.25 0.07
3.00 2.25 0.57
3.25 2.25 1.06
3.50 2.25 1.56
3.75 2.25 1.21
4.00 2.25 0.85
4.25 2.25 0.50
4.50 2.25 0.65
4.75 2.25 0.66
5.00 2.25 0.59
5.25 2.25 0.53
5.50 2.25 0.47
5.75 2.25 1.24
6.00 2.25 2.00
6.25 2.25 2.77
6.50 2.25 2.71
6.75 2.25 2.83
7.00 2.25 2.53
7.25 2.25 2.22
7.50 2.25 1.92
0.50 2.50 0.02
0.75 2.50 0.03
1.00 2.50 0.04
1.25 2.50 0.04
1.50 2.50 0.05
1.75 2.50 0.05
2.00 2.50 0.04
2.25 2.50 0.04
2.50 2.50 0.04
2.75 2.50 0.54
3.00 2.50 1.03
3.25 2.50 1.53
3.50 2.50 2.02
3.75 2.50 1.67
4.00 2.50 1.31
4.25 2.50 0.96
4.50 2.50 0.61
4.75 2.50 0.55
5.00 2.50 0.48
5.25 2.50 0.42
5.50 2.50 0.36
5.75 2.50 1.13
6.00 2.50 1.90
6.25 2.50 2.66
6.50 2.50 3.43
6.75 2.50 3.12
7.00 2.50 2.82
7.25 2.50 2.52
7.50 2.50 2.21
0.50 2.75 0.02
0.75 2.75 0.02
1.00 2.75 0.03
1.25 2.75 0.04
1.50 2.75 0.04
1.75 2.75 0.04
2.00 2.75 0.04
2.25 2.75 0.03
2.50 2.75 0.61
2.75 2.75 0.29
3.00 2.75 0.79
3.25 2.75 1.28
3.50 2.75 1.78
3.75 2.75 1.42
4.00 2.75 1.07
4.25 2.75 0.72
4.50 2.75 1.06
4.75 2.75 1.27
5.00 2.75 1.21
5.25 2.75 1.15
5.50 2.75 1.08
5.75 2.75 0.90
6.00 2.75 1.66
6.25 2.75 2.43
6.50 2.75 3.20
6.75 2.75 2.90
7.00 2.75 2.59
7.25 2.75 2.29
7.50 2.75 1.92
0.50 3.00 0.02
0.75 3.00 0.02
1.00 3.00 0.02
1.25 3.00 0.03
1.50 3.00 0.04
1.75 3.00 0.03
2.00 3.00 0.03
2.25 3.00 0.61
2.50 3.00 1.19
2.75 3.00 0.86
3.00 3.00 0.54
3.25 3.00 1.03
3.50 3.00 1.53
3.75 3.00 1.18
4.00 3.00 0.82
4.25 3.00 1.17
4.50 3.00 1.51
4.75 3.00 1.72
5.00 3.00 1.93
5.25 3.00 1.87
5.50 3.00 1.80
5.75 3.00 1.62
6.00 3.00 1.43
6.25 3.00 2.20
6.50 3.00 2.97
6.75 3.00 2.67
7.00 3.00 2.36
7.25 3.00 1.99
7.50 3.00 1.62
0.50 3.25 0.02
0.75 3.25 0.02
1.00 3.25 0.02
1.25 3.25 0.02
1.50 3.25 0.03
1.75 3.25 0.03
2.00 3.25 0.60
2.25 3.25 1.18
2.50 3.25 1.76
2.75 3.25 1.44
3.00 3.25 1.11
3.25 3.25 0.79
3.50 3.25 1.29
3.75 3.25 0.93
4.00 3.25 1.28
4.25 3.25 1.62
4.50 3.25 1.97
4.75 3.25 2.17
5.00 3.25 2.38
5.25 3.25 2.59
5.50 3.25 2.53
5.75 3.25 2.34
6.00 3.25 2.16
6.25 3.25 1.97
6.50 3.25 2.74
6.75 3.25 2.43
7.00 3.25 2.07
7.25 3.25 1.70
7.50 3.25 1.33
0.50 3.50 0.02
0.75 3.50 0.02
1.00 3.50 0.02
1.25 3.50 0.02
1.50 3.50 0.02
1.75 3.50 0.60
2.00 3.50 1.18
2.25 3.50 1.76
2.50 3.50 2.34
2.75 3.50 2.01
3.00 3.50 1.69
3.25 3.50 1.36
3.50 3.50 1.04
3.75 3.50 1.39
4.00 3.50 1.73
4.25 3.50 2.08
4.50 3.50 2.42
4.75 3.50 2.63
5.00 3.50 2.83
5.25 3.50 3.04
5.50 3.50 3.25
5.75 3.50 3.06
6.00 3.50 2.88
6.25 3.50 2.69
6.50 3.50 2.51
6.75 3.50 2.14
7.00 3.50 1.77
7.25 3.50 1.41
7.50 3.50 1.04
