0.50 0.50 25.68
0.75 0.50 30.52
1.00 0.50 35.35
1.25 0.50 40.19
1.50 0.50 45.02
1.75 0.50 45.71
2.00 0.50 46.40
2.25 0.50 47.08
2.50 0.50 47.77
2.75 0.50 98.11
3.00 0.50 148.45
3.25 0.50 198.80
3.50 0.50 249.14
3.75 0.50 247.98
4.00 0.50 246.81
4.25 0.50 245.65
4.50 0.50 244.49
4.75 0.50 262.32
5.00 0.50 280.15
5.25 0.50 297.99
5.50 0.50 315.82
5.75 0.50 311.29
6.00 0.50 306.75
6.25 0.50 302.21
6.50 0.50 297.68
6.75 0.50 367.05
7.00 0.50 436.42
7.25 0.50 505.79
7.50 0.50 575.16
0.50 0.75 25.68
0.75 0.75 29.36
1.00 0.75 34.20
1.25 0.75 39.04
1.50 0.75 43.87
1.75 0.75 44.56
2.00 0.75 45.25
2.25 0.75 45.93
2.50 0.75 48.93
2.75 0.75 97.59
3.00 0.75 147.94
3.25 0.75 198.28
3.50 0.75 248.62
3.75 0.75 247.46
4.00 0.75 246.29
4.25 0.75 245.13
4.50 0.75 231.43
4.75 0.75 253.93
5.00 0.75 271.76
5.25 0.75 289.59
5.50 0.75 307.43
5.75 0.75 302.89
6.00 0.75 298.36
6.25 0.75 293.82
6.50 0.75 278.56
6.75 0.75 352.01
7.00 0.75 421.38
7.25 0.75 490.75
7.50 0.75 560.12
0.50 1.00 25.68
0.75 1.00 29.36
1.00 1.00 33.05
1.25 1.00 37.89
1.50 1.00 42.72
1.75 1.00 43.41
2.00 1.00 44.09
2.25 1.00 47.09
2.50 1.00 50.09
2.75 1.00 98.76
3.00 1.00 147.41
3.25 1.00 197.76
3.50 1.00 248.10
3.75 1.00 246.94
4.00 1.00 245.78
4.25 1.00 232.07
4.50 1.00 218.37
4.75 1.00 240.87
5.00 1.00 263.37
5.25 1.00 281.20
5.50 1.00 299.03
5.75 1.00 294.50
6.00 1.00 289.96
6.25 1.00 274.69
6.50 1.00 259.43
6.75 1.00 332.89
7.00 1.00 406.34
7.25 1.00 475.71
7.50 1.00 545.08
0.50 1.25 25.68
0.75 1.25 29.37
1.00 1.25 33.05
1.25 1.25 36.73
1.50 1.25 41.57
1.75 1.25 42.26
2.00 1.25 45.26
2.25 1.25 48.26
2.50 1.25 51.26
2.75 1.25 99.92
3.00 1.25 148.58
3.25 1.25 197.24
3.50 1.25 247.58
3.75 1.25 246.42
4.00 1.25 232.72
4.25 1.25 219.01
4.50 1.25 205.31
4.75 1.25 227.81
5.00 1.25 250.31
5.25 1.25 272.80
5.50 1.25 290.63
5.75 1.25 286.10
6.00 1.25 270.84
6.25 1.25 255.57
6.50 1.25 240.31
6.75 1.25 313.76
7.00 1.25 387.22
7.25 1.25 460.67
7.50 1.25 530.04
0.50 1.50 25.68
0.75 1.50 29.36
1.00 1.50 33.05
1.25 1.50 36.73
1.50 1.50 40.42
1.75 1.50 43.42
2.00 1.50 46.42
2.25 1.50 49.42
2.50 1.50 52.42
2.75 1.50 101.08
3.00 1.50 149.74
3.25 1.50 198.40
3.50 1.50 247.06
3.75 1.50 233.36
4.00 1.50 219.66
4.25 1.50 205.95
4.50 1.50 192.25
4.75 1.50 214.75
5.00 1.50 237.25
5.25 1.50 259.74
5.50 1.50 282.24
5.75 1.50 266.98
6.00 1.50 251.71
6.25 1.50 236.44
6.50 1.50 221.18
6.75 1.50 294.63
7.00 1.50 368.09
7.25 1.50 441.55
7.50 1.50 515.00
0.50 1.75 25.68
0.75 1.75 29.36
1.00 1.75 33.05
1.25 1.75 36.73
1.50 1.75 39.02
1.75 1.75 43.65
2.00 1.75 46.65
2.25 1.75 49.65
2.50 1.75 52.65
2.75 1.75 101.31
3.00 1.75 149.97
3.25 1.75 198.63
3.50 1.75 256.57
3.75 1.75 221.12
4.00 1.75 207.41
4.25 1.75 193.71
4.50 1.75 180.01
4.75 1.75 202.50
5.00 1.75 225.00
5.25 1.75 247.50
5.50 1.75 277.01
5.75 1.75 344.48
6.00 1.75 329.22
6.25 1.75 313.95
6.50 1.75 298.69
6.75 1.75 372.14
7.00 1.75 445.60
7.25 1.75 519.05
7.50 1.75 567.43
0.50 2.00 25.68
0.75 2.00 29.37
1.00 2.00 33.05
1.25 2.00 35.34
1.50 2.00 37.62
1.75 2.00 42.25
2.00 2.00 46.88
2.25 2.00 49.88
2.50 2.00 52.88
2.75 2.00 101.53
3.00 2.00 150.19
3.25 2.00 208.14
3.50 2.00 266.09
3.75 2.00 230.63
4.00 2.00 195.17
4.25 2.00 181.47
4.50 2.00 167.76
4.75 2.00 190.26
5.00 2.00 212.76
5.25 2.00 242.27
5.50 2.00 271.79
5.75 2.00 339.26
6.00 2.00 406.73
6.25 2.00 391.46
6.50 2.00 376.20
6.75 2.00 449.65
7.00 2.00 523.11
7.25 2.00 571.48
7.50 2.00 619.86
0.50 2.25 25.68
0.75 2.25 29.36
1.00 2.25 31.65
1.25 2.25 33.94
1.50 2.25 36.23
1.75 2.25 40.85
2.00 2.25 45.48
2.25 2.25 50.10
2.50 2.25 53.10
2.75 2.25 101.76
3.00 2.25 159.71
3.25 2.25 217.65
3.50 2.25 275.60
3.75 2.25 240.14
4.00 2.25 204.68
4.25 2.25 169.23
4.50 2.25 155.52
4.75 2.25 178.02
5.00 2.25 207.53
5.25 2.25 237.05
5.50 2.25 266.56
5.75 2.25 334.03
6.00 2.25 401.50
6.25 2.25 468.97
6.50 2.25 453.70
6.75 2.25 527.16
7.00 2.25 575.53
7.25 2.25 623.91
7.50 2.25 672.28
0.50 2.50 25.68
0.75 2.50 27.97
1.00 2.50 30.25
1.25 2.50 32.54
1.50 2.50 34.83
1.75 2.50 39.45
2.00 2.50 44.08
2.25 2.50 48.70
2.50 2.50 53.33
2.75 2.50 111.28
3.00 2.50 169.22
3.25 2.50 227.17
3.50 2.50 285.11
3.75 2.50 249.65
4.00 2.50 214.19
4.25 2.50 178.74
4.50 2.50 143.28
4.75 2.50 172.80
5.00 2.50 202.31
5.25 2.50 231.82
5.50 2.50 261.34
5.75 2.50 328.81
6.00 2.50 396.27
6.25 2.50 463.74
6.50 2.50 531.21
6.75 2.50 579.59
7.00 2.50 627.96
7.25 2.50 676.34
7.50 2.50 724.71
0.50 2.75 25.68
0.75 2.75 26.17
1.00 2.75 28.46
1.25 2.75 30.75
1.50 2.75 33.03
1.75 2.75 37.66
2.00 2.75 42.28
2.25 2.75 46.91
2.50 2.75 99.94
2.75 2.75 144.69
3.00 2.75 202.63
3.25 2.75 260.57
3.50 2.75 318.52
3.75 2.75 283.06
4.00 2.75 247.60
4.25 2.75 212.15
4.50 2.75 170.59
4.75 2.75 229.22
5.00 2.75 258.74
5.25 2.75 288.25
5.50 2.75 317.77
5.75 2.75 337.13
6.00 2.75 404.60
6.25 2.75 472.07
6.50 2.75 539.54
6.75 2.75 587.91
7.00 2.75 636.29
7.25 2.75 684.66
7.50 2.75 700.29
0.50 3.00 25.68
0.75 3.00 26.17
1.00 3.00 26.66
1.25 3.00 28.95
1.50 3.00 31.24
1.75 3.00 35.86
2.00 3.00 40.49
2.25 3.00 93.53
2.50 3.00 146.56
2.75 3.00 191.30
3.00 3.00 236.04
3.25 3.00 293.99
3.50 3.00 351.93
3.75 3.00 316.47
4.00 3.00 281.01
4.25 3.00 239.45
4.50 3.00 197.89
4.75 3.00 256.53
5.00 3.00 315.17
5.25 3.00 344.68
5.50 3.00 374.19
5.75 3.00 393.56
6.00 3.00 412.92
6.25 3.00 480.39
6.50 3.00 547.86
6.75 3.00 596.24
7.00 3.00 644.61
7.25 3.00 660.24
7.50 3.00 675.87
0.50 3.25 25.68
0.75 3.25 26.17
1.00 3.25 26.66
1.25 3.25 27.16
1.50 3.25 29.44
1.75 3.25 34.07
2.00 3.25 87.10
2.25 3.25 140.14
2.50 3.25 193.18
2.75 3.25 237.91
3.00 3.25 282.65
3.25 3.25 327.39
3.50 3.25 385.34
3.75 3.25 349.88
4.00 3.25 308.32
4.25 3.25 266.76
4.50 3.25 225.19
4.75 3.25 283.83
5.00 3.25 342.47
5.25 3.25 401.11
5.50 3.25 430.62
5.75 3.25 449.99
6.00 3.25 469.35
6.25 3.25 488.72
6.50 3.25 556.18
6.75 3.25 604.56
7.00 3.25 620.19
7.25 3.25 635.82
7.50 3.25 651.44
0.50 3.50 25.68
0.75 3.50 26.17
1.00 3.50 26.66
1.25 3.50 27.16
1.50 3.50 27.65
1.75 3.50 80.69
2.00 3.50 133.72
2.25 3.50 186.75
2.50 3.50 239.79
2.75 3.50 284.53
3.00 3.50 329.27
3.25 3.50 374.01
3.50 3.50 418.75
3.75 3.50 377.19
4.00 3.50 335.62
4.25 3.50 294.06
4.50 3.50 252.50
4.75 3.50 311.14
5.00 3.50 369.77
5.25 3.50 428.41
5.50 3.50 487.05
5.75 3.50 506.42
6.00 3.50 525.78
6.25 3.50 545.14
6.50 3.50 564.51
6.75 3.50 580.14
7.00 3.50 595.76
7.25 3.50 611.39
7.50 3.50 627.02
