0.50 0.50 12.89
0.75 0.50 15.32
1.00 0.50 17.75
1.25 0.50 20.18
1.50 0.50 22.61
1.75 0.50 22.99
2.00 0.50 23.38
2.25 0.50 23.76
2.50 0.50 24.15
2.75 0.50 49.39
3.00 0.50 74.63
3.25 0.50 99.87
3.50 0.50 125.11
3.75 0.50 124.81
4.00 0.50 124.52
4.25 0.50 124.22
4.50 0.50 123.92
4.75 0.50 132.93
5.00 0.50 141.94
5.25 0.50 150.95
5.50 0.50 159.96
5.75 0.50 157.85
6.00 0.50 155.74
6.25 0.50 153.62
6.50 0.50 151.51
6.75 0.50 186.76
7.00 0.50 222.00
7.25 0.50 257.25
7.50 0.50 292.50
0.50 0.75 12.89
0.75 0.75 14.77
1.00 0.75 17.20
1.25 0.75 19.62
1.50 0.75 22.05
1.75 0.75 22.44
2.00 0.75 22.82
2.25 0.75 23.21
2.50 0.75 24.72
2.75 0.75 49.13
3.00 0.75 74.37
3.25 0.75 99.61
3.50 0.75 124.85
3.75 0.75 124.55
4.00 0.75 124.25
4.25 0.75 123.95
4.50 0.75 117.55
4.75 0.75 128.81
5.00 0.75 137.82
5.25 0.75 146.83
5.50 0.75 155.84
5.75 0.75 153.73
6.00 0.75 151.62
6.25 0.75 149.50
6.50 0.75 141.68
6.75 0.75 178.78
7.00 0.75 214.03
7.25 0.75 249.28
7.50 0.75 284.52
0.50 1.00 12.89
0.75 1.00 14.77
1.00 1.00 16.64
1.25 1.00 19.07
1.50 1.00 21.50
1.75 1.00 21.89
2.00 1.00 22.27
2.25 1.00 23.78
2.50 1.00 25.30
2.75 1.00 49.70
3.00 1.00 74.11
3.25 1.00 99.34
3.50 1.00 124.59
3.75 1.00 124.29
4.00 1.00 123.99
4.25 1.00 117.59
4.50 1.00 111.19
4.75 1.00 122.45
5.00 1.00 133.71
5.25 1.00 142.72
5.50 1.00 151.73
5.75 1.00 149.61
6.00 1.00 147.50
6.25 1.00 139.68
6.50 1.00 131.85
6.75 1.00 168.95
7.00 1.00 206.06
7.25 1.00 241.30
7.50 1.00 276.55
0.50 1.25 12.89
0.75 1.25 14.77
1.00 1.25 16.64
1.25 1.25 18.52
1.50 1.25 20.95
1.75 1.25 21.33
2.00 1.25 22.84
2.25 1.25 24.36
2.50 1.25 25.87
2.75 1.25 50.27
3.00 1.25 74.68
3.25 1.25 99.08
3.50 1.25 124.32
3.75 1.25 124.03
4.00 1.25 117.62
4.25 1.25 111.22
4.50 1.25 104.83
4.75 1.25 116.08
5.00 1.25 127.34
5.25 1.25 138.60
5.50 1.25 147.61
5.75 1.25 145.50
6.00 1.25 137.67
6.25 1.25 129.84
6.50 1.25 122.02
6.75 1.25 159.12
7.00 1.25 196.23
7.25 1.25 233.33
7.50 1.25 268.58
0.50 1.50 12.89
0.75 1.50 14.77
1.00 1.50 16.64
1.25 1.50 18.52
1.50 1.50 20.39
1.75 1.50 21.90
2.00 1.50 23.41
2.25 1.50 24.93
2.50 1.50 26.44
2.75 1.50 50.84
3.00 1.50 75.25
3.25 1.50 99.66
3.50 1.50 124.06
3.75 1.50 117.66
4.00 1.50 111.26
4.25 1.50 104.86
4.50 1.50 98.46
4.75 1.50 109.72
5.00 1.50 120.97
5.25 1.50 132.23
5.50 1.50 143.49
5.75 1.50 135.67
6.00 1.50 127.84
6.25 1.50 120.02
6.50 1.50 112.19
6.75 1.50 149.29
7.00 1.50 186.40
7.25 1.50 223.50
7.50 1.50 260.60
0.50 1.75 12.89
0.75 1.75 14.77
1.00 1.75 16.64
1.25 1.75 18.52
1.50 1.75 19.68
1.75 1.75 21.99
2.00 1.75 23.50
2.25 1.75 25.01
2.50 1.75 26.53
2.75 1.75 50.93
3.00 1.75 75.34
3.25 1.75 99.74
3.50 1.75 130.20
3.75 1.75 111.41
4.00 1.75 105.01
4.25 1.75 98.61
4.50 1.75 92.21
4.75 1.75 103.47
5.00 1.75 114.72
5.25 1.75 125.98
5.50 1.75 140.56
5.75 1.75 176.60
6.00 1.75 168.77
6.25 1.75 160.94
6.50 1.75 153.12
6.75 1.75 190.22
7.00 1.75 227.33
7.25 1.75 264.43
7.50 1.75 287.70
0.50 2.00 12.89
0.75 2.00 14.77
1.00 2.00 16.64
1.25 2.00 17.81
1.50 2.00 18.98
1.75 2.00 21.28
2.00 2.00 23.59
2.25 2.00 25.10
2.50 2.00 26.61
2.75 2.00 51.02
3.00 2.00 75.42
3.25 2.00 105.88
3.50 2.00 136.34
3.75 2.00 117.55
4.00 2.00 98.76
4.25 2.00 92.36
4.50 2.00 85.96
4.75 2.00 97.22
5.00 2.00 108.47
5.25 2.00 123.05
5.50 2.00 137.62
5.75 2.00 173.66
6.00 2.00 209.70
6.25 2.00 201.88
6.50 2.00 194.05
6.75 2.00 231.15
7.00 2.00 268.25
7.25 2.00 291.52
7.50 2.00 314.79
0.50 2.25 12.89
0.75 2.25 14.77
1.00 2.25 15.93
1.25 2.25 17.10
1.50 2.25 18.27
1.75 2.25 20.57
2.00 2.25 22.88
2.25 2.25 25.18
2.50 2.25 26.70
2.75 2.25 51.10
3.00 2.25 81.56
3.25 2.25 112.02
3.50 2.25 142.48
3.75 2.25 123.69
4.00 2.25 104.90
4.25 2.25 86.11
4.50 2.25 79.71
4.75 2.25 90.97
5.00 2.25 105.54
5.25 2.25 120.11
5.50 2.25 134.69
5.75 2.25 170.73
6.00 2.25 206.77
6.25 2.25 242.81
6.50 2.25 234.98
6.75 2.25 272.08
7.00 2.25 295.35
7.25 2.25 318.62
7.50 2.25 341.88
0.50 2.50 12.89
0.75 2.50 14.06
1.00 2.50 15.22
1.25 2.50 16.39
1.50 2.50 17.56
1.75 2.50 19.86
2.00 2.50 22.17
2.25 2.50 24.48
2.50 2.50 26.78
2.75 2.50 57.24
3.00 2.50 87.70
3.25 2.50 118.16
3.50 2.50 148.62
3.75 2.50 129.83
4.00 2.50 111.04
4.25 2.50 92.25
4.50 2.50 73.46
4.75 2.50 88.03
5.00 2.50 102.60
5.25 2.50 117.18
5.50 2.50 131.75
5.75 2.50 167.79
6.00 2.50 203.83
6.25 2.50 239.87
6.50 2.50 275.91
6.75 2.50 299.18
7.00 2.50 322.45
7.25 2.50 345.71
7.50 2.50 368.98
0.50 2.75 12.89
0.75 2.75 13.14
1.00 2.75 14.31
1.25 2.75 15.47
1.50 2.75 16.64
1.75 2.75 18.95
2.00 2.75 21.25
2.25 2.75 23.56
2.50 2.75 51.81
2.75 2.75 73.21
3.00 2.75 103.67
3.25 2.75 134.13
3.50 2.75 164.59
3.75 2.75 145.80
4.00 2.75 127.01
4.25 2.75 108.22
4.50 2.75 88.47
4.75 2.75 118.41
5.00 2.75 132.99
5.25 2.75 147.56
5.50 2.75 162.13
5.75 2.75 171.26
6.00 2.75 207.30
6.25 2.75 243.34
6.50 2.75 279.38
6.75 2.75 302.65
7.00 2.75 325.92
7.25 2.75 349.19
7.50 2.75 355.89
0.50 3.00 12.89
0.75 3.00 13.14
1.00 3.00 13.39
1.25 3.00 14.56
1.50 3.00 15.72
1.75 3.00 18.03
2.00 3.00 20.34
2.25 3.00 48.59
2.50 3.00 76.84
2.75 3.00 98.24
3.00 3.00 119.64
3.25 3.00 150.09
3.50 3.00 180.56
3.75 3.00 161.76
4.00 3.00 142.97
4.25 3.00 123.23
4.50 3.00 103.49
4.75 3.00 133.43
5.00 3.00 163.37
5.25 3.00 177.94
5.50 3.00 192.51
5.75 3.00 201.65
6.00 3.00 210.78
6.25 3.00 246.81
6.50 3.00 282.86
6.75 3.00 306.12
7.00 3.00 329.39
7.25 3.00 336.10
7.50 3.00 342.80
0.50 3.25 12.89
0.75 3.25 13.14
1.00 3.25 13.39
1.25 3.25 13.64
1.50 3.25 14.81
1.75 3.25 17.11
2.00 3.25 45.37
2.25 3.25 73.62
2.50 3.25 101.87
2.75 3.25 123.27
3.00 3.25 144.66
3.25 3.25 166.06
3.50 3.25 196.52
3.75 3.25 177.73
4.00 3.25 157.99
4.25 3.25 138.25
4.50 3.25 118.51
4.75 3.25 148.44
5.00 3.25 178.38
5.25 3.25 208.33
5.50 3.25 222.90
5.75 3.25 232.03
6.00 3.25 241.16
6.25 3.25 250.29
6.50 3.25 286.33
6.75 3.25 309.60
7.00 3.25 316.30
7.25 3.25 323.00
7.50 3.25 329.71
0.50 3.50 12.89
0.75 3.50 13.14
1.00 3.50 13.39
1.25 3.50 13.64
1.50 3.50 13.89
1.75 3.50 42.14
2.00 3.50 70.40
2.25 3.50 98.65
2.50 3.50 126.90
2.75 3.50 148.30
3.00 3.50 169.69
3.25 3.50 191.09
3.50 3.50 212.49
3.75 3.50 192.75
4.00 3.50 173.00
4.25 3.50 153.26
4.50 3.50 133.52
4.75 3.50 163.46
5.00 3.50 193.40
5.25 3.50 223.34
5.50 3.50 253.28
5.75 3.50 262.41
6.00 3.50 271.54
6.25 3.50 280.67
6.50 3.50 289.80
6.75 3.50 296.50
7.00 3.50 303.21
7.25 3.50 309.92
7.50 3.50 316.62
