0.50 0.50 64.35
0.75 0.50 76.52
1.00 0.50 88.70
1.25 0.50 100.88
1.50 0.50 113.05
1.75 0.50 114.92
2.00 0.50 116.80
2.25 0.50 118.67
2.50 0.50 120.55
2.75 0.50 246.60
3.00 0.50 372.66
3.25 0.50 498.71
3.50 0.50 624.77
3.75 0.50 622.20
4.00 0.50 619.62
4.25 0.50 617.05
4.50 0.50 614.48
4.75 0.50 659.27
5.00 0.50 704.07
5.25 0.50 748.86
5.50 0.50 793.65
5.75 0.50 782.82
6.00 0.50 772.00
6.25 0.50 761.18
6.50 0.50 750.35
6.75 0.50 925.84
7.00 0.50 1101.34
7.25 0.50 1276.83
7.50 0.50 1452.32
0.50 0.75 64.35
0.75 0.75 73.72
1.00 0.75 85.90
1.25 0.75 98.07
1.50 0.75 110.25
1.75 0.75 112.12
2.00 0.75 114.00
2.25 0.75 115.88
2.50 0.75 123.38
2.75 0.75 245.32
3.00 0.75 371.37
3.25 0.75 497.43
3.50 0.75 623.48
3.75 0.75 620.91
4.00 0.75 618.34
4.25 0.75 615.76
4.50 0.75 583.49
4.75 0.75 639.48
5.00 0.75 684.27
5.25 0.75 729.07
5.50 0.75 773.86
5.75 0.75 763.03
6.00 0.75 752.21
6.25 0.75 741.38
6.50 0.75 702.60
6.75 0.75 887.76
7.00 0.75 1063.25
7.25 0.75 1238.75
7.50 0.75 1414.24
0.50 1.00 64.35
0.75 1.00 73.72
1.00 1.00 83.10
1.25 1.00 95.28
1.50 1.00 107.45
1.75 1.00 109.33
2.00 1.00 111.20
2.25 1.00 118.70
2.50 1.00 126.20
2.75 1.00 248.14
3.00 1.00 370.08
3.25 1.00 496.14
3.50 1.00 622.19
3.75 1.00 619.62
4.00 1.00 617.05
4.25 1.00 584.77
4.50 1.00 552.49
4.75 1.00 608.49
5.00 1.00 664.48
5.25 1.00 709.27
5.50 1.00 754.07
5.75 1.00 743.24
6.00 1.00 732.41
6.25 1.00 693.63
6.50 1.00 654.85
6.75 1.00 840.01
7.00 1.00 1025.17
7.25 1.00 1200.67
7.50 1.00 1376.16
0.50 1.25 64.35
0.75 1.25 73.72
1.00 1.25 83.10
1.25 1.25 92.47
1.50 1.25 104.65
1.75 1.25 106.52
2.00 1.25 114.03
2.25 1.25 121.52
2.50 1.25 129.02
2.75 1.25 250.97
3.00 1.25 372.91
3.25 1.25 494.85
3.50 1.25 620.91
3.75 1.25 618.34
4.00 1.25 586.06
4.25 1.25 553.77
4.50 1.25 521.50
4.75 1.25 577.49
5.00 1.25 633.49
5.25 1.25 689.48
5.50 1.25 734.27
5.75 1.25 723.45
6.00 1.25 684.66
6.25 1.25 645.88
6.50 1.25 607.10
6.75 1.25 792.26
7.00 1.25 977.42
7.25 1.25 1162.59
7.50 1.25 1338.08
0.50 1.50 64.35
0.75 1.50 73.72
1.00 1.50 83.10
1.25 1.50 92.47
1.50 1.50 101.85
1.75 1.50 109.35
2.00 1.50 116.85
2.25 1.50 124.35
2.50 1.50 131.85
2.75 1.50 253.79
3.00 1.50 375.74
3.25 1.50 497.68
3.50 1.50 619.62
3.75 1.50 587.34
4.00 1.50 555.06
4.25 1.50 522.78
4.50 1.50 490.50
4.75 1.50 546.50
5.00 1.50 602.49
5.25 1.50 658.49
5.50 1.50 714.48
5.75 1.50 675.70
6.00 1.50 636.91
6.25 1.50 598.13
6.50 1.50 559.35
6.75 1.50 744.51
7.00 1.50 929.67
7.25 1.50 1114.84
7.50 1.50 1300.00
0.50 1.75 64.35
0.75 1.75 73.72
1.00 1.75 83.10
1.25 1.75 92.47
1.50 1.75 98.30
1.75 1.75 109.80
2.00 1.75 117.30
2.25 1.75 124.80
2.50 1.75 132.30
2.75 1.75 254.24
3.00 1.75 376.19
3.25 1.75 498.13
3.50 1.75 664.90
3.75 1.75 555.98
4.00 1.75 523.70
4.25 1.75 491.42
4.50 1.75 459.14
4.75 1.75 515.13
5.00 1.75 571.13
5.25 1.75 627.12
5.50 1.75 700.15
5.75 1.75 910.09
6.00 1.75 871.31
6.25 1.75 832.53
6.50 1.75 793.75
6.75 1.75 978.91
7.00 1.75 1164.07
7.25 1.75 1349.23
7.50 1.75 1431.48
0.50 2.00 64.35
0.75 2.00 73.72
1.00 2.00 83.10
1.25 2.00 88.92
1.50 2.00 94.75
1.75 2.00 106.25
2.00 2.00 117.75
2.25 2.00 125.25
2.50 2.00 132.75
2.75 2.00 254.69
3.00 2.00 376.63
3.25 2.00 543.40
3.50 2.00 710.17
3.75 2.00 601.25
4.00 2.00 492.34
4.25 2.00 460.06
4.50 2.00 427.77
4.75 2.00 483.77
5.00 2.00 539.76
5.25 2.00 612.79
5.50 2.00 685.83
5.75 2.00 895.77
6.00 2.00 1105.70
6.25 2.00 1066.92
6.50 2.00 1028.14
6.75 2.00 1213.30
7.00 2.00 1398.47
7.25 2.00 1480.72
7.50 2.00 1562.97
0.50 2.25 64.35
0.75 2.25 73.72
1.00 2.25 79.55
1.25 2.25 85.38
1.50 2.25 91.20
1.75 2.25 102.70
2.00 2.25 114.20
2.25 2.25 125.70
2.50 2.25 133.20
2.75 2.25 255.14
3.00 2.25 421.91
3.25 2.25 588.68
3.50 2.25 755.45
3.75 2.25 646.53
4.00 2.25 537.61
4.25 2.25 428.69
4.50 2.25 396.41
4.75 2.25 452.41
5.00 2.25 525.44
5.25 2.25 598.47
5.50 2.25 671.50
5.75 2.25 881.44
6.00 2.25 1091.38
6.25 2.25 1301.32
6.50 2.25 1262.54
6.75 2.25 1447.70
7.00 2.25 1529.95
7.25 2.25 1612.20
7.50 2.25 1694.45
0.50 2.50 64.35
0.75 2.50 70.17
1.00 2.50 76.00
1.25 2.50 81.83
1.50 2.50 87.65
1.75 2.50 99.15
2.00 2.50 110.65
2.25 2.50 122.15
2.50 2.50 133.65
2.75 2.50 300.42
3.00 2.50 467.19
3.25 2.50 633.96
3.50 2.50 800.73
3.75 2.50 691.81
4.00 2.50 582.89
4.25 2.50 473.97
4.50 2.50 365.05
4.75 2.50 438.08
5.00 2.50 511.11
5.25 2.50 584.14
5.50 2.50 657.17
5.75 2.50 867.11
6.00 2.50 1077.05
6.25 2.50 1286.99
6.50 2.50 1496.93
6.75 2.50 1579.18
7.00 2.50 1661.43
7.25 2.50 1743.68
7.50 2.50 1825.93
0.50 2.75 64.35
0.75 2.75 65.59
1.00 2.75 71.41
1.25 2.75 77.24
1.50 2.75 83.06
1.75 2.75 94.56
2.00 2.75 106.06
2.25 2.75 117.56
2.50 2.75 266.76
2.75 2.75 365.99
3.00 2.75 532.76
3.25 2.75 699.53
3.50 2.75 866.30
3.75 2.75 757.38
4.00 2.75 648.46
4.25 2.75 539.54
4.50 2.75 448.16
4.75 2.75 589.44
5.00 2.75 662.47
5.25 2.75 735.50
5.50 2.75 808.53
5.75 2.75 860.76
6.00 2.75 1070.70
6.25 2.75 1280.64
6.50 2.75 1490.58
6.75 2.75 1572.83
7.00 2.75 1655.08
7.25 2.75 1737.33
7.50 2.75 1764.09
0.50 3.00 64.35
0.75 3.00 65.59
1.00 3.00 66.82
1.25 3.00 72.65
1.50 3.00 78.47
1.75 3.00 89.97
2.00 3.00 101.47
2.25 3.00 250.67
2.50 3.00 399.87
2.75 3.00 499.09
3.00 3.00 598.33
3.25 3.00 765.10
3.50 3.00 931.87
3.75 3.00 822.95
4.00 3.00 714.02
4.25 3.00 622.65
4.50 3.00 531.27
4.75 3.00 672.55
5.00 3.00 813.82
5.25 3.00 886.86
5.50 3.00 959.88
5.75 3.00 1012.12
6.00 3.00 1064.35
6.25 3.00 1274.29
6.50 3.00 1484.23
6.75 3.00 1566.48
7.00 3.00 1648.73
7.25 3.00 1675.49
7.50 3.00 1702.24
0.50 3.25 64.35
0.75 3.25 65.59
1.00 3.25 66.82
1.25 3.25 68.06
1.50 3.25 73.89
1.75 3.25 85.39
2.00 3.25 234.58
2.25 3.25 383.78
2.50 3.25 532.97
2.75 3.25 632.20
3.00 3.25 731.43
3.25 3.25 830.66
3.50 3.25 997.43
3.75 3.25 888.51
4.00 3.25 797.14
4.25 3.25 705.76
4.50 3.25 614.39
4.75 3.25 755.66
5.00 3.25 896.94
5.25 3.25 1038.21
5.50 3.25 1111.24
5.75 3.25 1163.47
6.00 3.25 1215.71
6.25 3.25 1267.94
6.50 3.25 1477.88
6.75 3.25 1560.13
7.00 3.25 1586.88
7.25 3.25 1613.64
7.50 3.25 1640.39
0.50 3.50 64.35
0.75 3.50 65.59
1.00 3.50 66.82
1.25 3.50 68.06
1.50 3.50 69.30
1.75 3.50 218.50
2.00 3.50 367.69
2.25 3.50 516.89
2.50 3.50 666.08
2.75 3.50 765.31
3.00 3.50 864.54
3.25 3.50 963.77
3.50 3.50 1063.00
3.75 3.50 971.62
4.00 3.50 880.25
4.25 3.50 788.88
4.50 3.50 697.50
4.75 3.50 838.77
5.00 3.50 980.05
5.25 3.50 1121.32
5.50 3.50 1262.60
5.75 3.50 1314.83
6.00 3.50 1367.07
6.25 3.50 1419.30
6.50 3.50 1471.53
6.75 3.50 1498.29
7.00 3.50 1525.04
7.25 3.50 1551.79
7.50 3.50 1578.55
