0.50 0.50 25.84
0.75 0.50 30.76
1.00 0.50 35.67
1.25 0.50 40.59
1.50 0.50 45.51
1.75 0.50 58.86
2.00 0.50 72.20
2.25 0.50 85.55
2.50 0.50 98.89
2.75 0.50 136.94
3.00 0.50 174.98
3.25 0.50 213.03
3.50 0.50 251.07
3.75 0.50 344.36
4.00 0.50 437.65
4.25 0.50 530.95
4.50 0.50 624.24
4.75 0.50 669.66
5.00 0.50 715.08
5.25 0.50 760.49
5.50 0.50 805.91
5.75 0.50 796.64
6.00 0.50 787.38
6.25 0.50 778.11
6.50 0.50 768.84
6.75 0.50 1026.03
7.00 0.50 1283.21
7.25 0.50 1540.39
7.50 0.50 1797.58
0.50 0.75 25.84
0.75 0.75 34.93
1.00 0.75 39.85
1.25 0.75 44.77
1.50 0.75 49.69
1.75 0.75 63.03
2.00 0.75 76.38
2.25 0.75 89.72
2.50 0.75 94.22
2.75 0.75 136.43
3.00 0.75 174.47
3.25 0.75 212.51
3.50 0.75 250.56
3.75 0.75 343.85
4.00 0.75 437.14
4.25 0.75 530.44
4.50 0.75 624.71
4.75 0.75 690.96
5.00 0.75 736.38
5.25 0.75 781.80
5.50 0.75 827.21
5.75 0.75 817.94
6.00 0.75 808.68
6.25 0.75 799.41
6.50 0.75 721.28
6.75 0.75 843.50
7.00 0.75 1100.69
7.25 0.75 1357.88
7.50 0.75 1615.06
0.50 1.00 25.84
0.75 1.00 34.93
1.00 1.00 44.02
1.25 1.00 48.94
1.50 1.00 53.86
1.75 1.00 67.20
2.00 1.00 80.55
2.25 1.00 85.05
2.50 1.00 89.55
2.75 1.00 131.75
3.00 1.00 173.96
3.25 1.00 212.00
3.50 1.00 250.05
3.75 1.00 343.34
4.00 1.00 436.63
4.25 1.00 530.91
4.50 1.00 625.18
4.75 1.00 691.43
5.00 1.00 757.68
5.25 1.00 803.10
5.50 1.00 848.51
5.75 1.00 839.25
6.00 1.00 829.98
6.25 1.00 751.85
6.50 1.00 673.72
6.75 1.00 795.94
7.00 1.00 918.17
7.25 1.00 1175.36
7.50 1.00 1432.54
0.50 1.25 25.84
0.75 1.25 34.93
1.00 1.25 44.02
1.25 1.25 53.12
1.50 1.25 58.03
1.75 1.25 71.38
2.00 1.25 75.88
2.25 1.25 80.38
2.50 1.25 84.88
2.75 1.25 127.09
3.00 1.25 169.29
3.25 1.25 211.50
3.50 1.25 249.54
3.75 1.25 342.83
4.00 1.25 437.11
4.25 1.25 531.38
4.50 1.25 625.65
4.75 1.25 691.90
5.00 1.25 758.15
5.25 1.25 824.40
5.50 1.25 869.82
5.75 1.25 860.55
6.00 1.25 782.42
6.25 1.25 704.29
6.50 1.25 626.15
6.75 1.25 748.38
7.00 1.25 870.61
7.25 1.25 992.84
7.50 1.25 1250.02
0.50 1.50 25.84
0.75 1.50 34.93
1.00 1.50 44.02
1.25 1.50 53.12
1.50 1.50 62.21
1.75 1.50 66.71
2.00 1.50 71.21
2.25 1.50 75.71
2.50 1.50 80.21
2.75 1.50 122.41
3.00 1.50 164.62
3.25 1.50 206.83
3.50 1.50 249.03
3.75 1.50 343.30
4.00 1.50 437.57
4.25 1.50 531.85
4.50 1.50 626.12
4.75 1.50 692.37
5.00 1.50 758.62
5.25 1.50 824.87
5.50 1.50 891.12
5.75 1.50 812.99
6.00 1.50 734.86
6.25 1.50 656.72
6.50 1.50 578.59
6.75 1.50 700.82
7.00 1.50 823.05
7.25 1.50 945.27
7.50 1.50 1067.50
0.50 1.75 25.84
0.75 1.75 34.93
1.00 1.75 44.02
1.25 1.75 53.12
1.50 1.75 60.01
1.75 1.75 60.07
2.00 1.75 64.57
2.25 1.75 69.07
2.50 1.75 73.57
2.75 1.75 115.78
3.00 1.75 157.98
3.25 1.75 200.19
3.50 1.75 568.16
3.75 1.75 302.81
4.00 1.75 397.08
4.25 1.75 491.35
4.50 1.75 585.62
4.75 1.75 651.88
5.00 1.75 718.12
5.25 1.75 784.38
5.50 1.75 768.26
5.75 1.75 1820.99
6.00 1.75 1742.86
6.25 1.75 1664.73
6.50 1.75 1586.59
6.75 1.75 1708.82
7.00 1.75 1831.05
7.25 1.75 1953.28
7.50 1.75 1455.97
0.50 2.00 25.84
0.75 2.00 34.93
1.00 2.00 44.02
1.25 2.00 50.92
1.50 2.00 57.81
1.75 2.00 57.87
2.00 2.00 57.94
2.25 2.00 62.43
2.50 2.00 66.94
2.75 2.00 109.14
3.00 2.00 151.34
3.25 2.00 519.32
3.50 2.00 887.29
3.75 2.00 621.94
4.00 2.00 356.58
4.25 2.00 450.86
4.50 2.00 545.13
4.75 2.00 611.38
5.00 2.00 677.63
5.25 2.00 661.51
5.50 2.00 645.39
5.75 2.00 1698.13
6.00 2.00 2750.86
6.25 2.00 2672.73
6.50 2.00 2594.60
6.75 2.00 2716.83
7.00 2.00 2839.05
7.25 2.00 2341.74
7.50 2.00 1844.43
0.50 2.25 25.84
0.75 2.25 34.93
1.00 2.25 41.83
1.25 2.25 48.72
1.50 2.25 55.61
1.75 2.25 55.67
2.00 2.25 55.73
2.25 2.25 55.80
2.50 2.25 60.30
2.75 2.25 102.50
3.00 2.25 470.48
3.25 2.25 838.45
3.50 2.25 1206.43
3.75 2.25 941.07
4.00 2.25 675.72
4.25 2.25 410.36
4.50 2.25 504.63
4.75 2.25 570.88
5.00 2.25 554.77
5.25 2.25 538.65
5.50 2.25 522.53
5.75 2.25 1575.27
6.00 2.25 2628.00
6.25 2.25 3680.74
6.50 2.25 3602.60
6.75 2.25 3724.83
7.00 2.25 3227.52
7.25 2.25 2730.21
7.50 2.25 2232.89
0.50 2.50 25.84
0.75 2.50 32.73
1.00 2.50 39.62
1.25 2.50 46.52
1.50 2.50 53.41
1.75 2.50 53.47
2.00 2.50 53.53
2.25 2.50 53.60
2.50 2.50 53.66
2.75 2.50 421.63
3.00 2.50 789.61
3.25 2.50 1157.59
3.50 2.50 1525.56
3.75 2.50 1260.21
4.00 2.50 994.85
4.25 2.50 729.50
4.50 2.50 464.14
4.75 2.50 448.02
5.00 2.50 431.90
5.25 2.50 415.79
5.50 2.50 399.67
5.75 2.50 1452.40
6.00 2.50 2505.14
6.25 2.50 3557.87
6.50 2.50 4610.61
6.75 2.50 4113.30
7.00 2.50 3615.98
7.25 2.50 3118.67
7.50 2.50 2621.36
0.50 2.75 25.84
0.75 2.75 26.34
1.00 2.75 33.23
1.25 2.75 40.12
1.50 2.75 47.01
1.75 2.75 47.07
2.00 2.75 47.14
2.25 2.75 47.20
2.50 2.75 349.97
2.75 2.75 374.47
3.00 2.75 742.44
3.25 2.75 1110.41
3.50 2.75 1478.39
3.75 2.75 1213.03
4.00 2.75 947.68
4.25 2.75 682.33
4.50 2.75 620.29
4.75 2.75 913.86
5.00 2.75 897.74
5.25 2.75 881.62
5.50 2.75 865.51
5.75 2.75 969.69
6.00 2.75 2022.43
6.25 2.75 3075.16
6.50 2.75 4127.90
6.75 2.75 3630.59
7.00 2.75 3133.27
7.25 2.75 2635.96
7.50 2.75 2368.90
0.50 3.00 25.84
0.75 3.00 26.34
1.00 3.00 26.83
1.25 3.00 33.72
1.50 3.00 40.61
1.75 3.00 40.68
2.00 3.00 40.74
2.25 3.00 343.51
2.50 3.00 646.28
2.75 3.00 670.77
3.00 3.00 695.27
3.25 3.00 1063.24
3.50 3.00 1431.22
3.75 3.00 1165.87
4.00 3.00 900.51
4.25 3.00 838.48
4.50 3.00 776.44
4.75 3.00 1070.01
5.00 3.00 1363.58
5.25 3.00 1347.46
5.50 3.00 1331.35
5.75 3.00 1435.53
6.00 3.00 1539.72
6.25 3.00 2592.45
6.50 3.00 3645.18
6.75 3.00 3147.87
7.00 3.00 2650.56
7.25 3.00 2383.50
7.50 3.00 2116.43
0.50 3.25 25.84
0.75 3.25 26.34
1.00 3.25 26.83
1.25 3.25 27.33
1.50 3.25 34.22
1.75 3.25 34.28
2.00 3.25 337.05
2.25 3.25 639.82
2.50 3.25 942.58
2.75 3.25 967.08
3.00 3.25 991.58
3.25 3.25 1016.08
3.50 3.25 1384.05
3.75 3.25 1118.70
4.00 3.25 1056.66
4.25 3.25 994.63
4.50 3.25 932.60
4.75 3.25 1226.16
5.00 3.25 1519.73
5.25 3.25 1813.30
5.50 3.25 1797.18
5.75 3.25 1901.37
6.00 3.25 2005.55
6.25 3.25 2109.74
6.50 3.25 3162.47
6.75 3.25 2665.16
7.00 3.25 2398.10
7.25 3.25 2131.04
7.50 3.25 1863.97
0.50 3.50 25.84
0.75 3.50 26.34
1.00 3.50 26.83
1.25 3.50 27.33
1.50 3.50 27.82
1.75 3.50 330.59
2.00 3.50 633.36
2.25 3.50 936.12
2.50 3.50 1238.89
2.75 3.50 1263.39
3.00 3.50 1287.89
3.25 3.50 1312.38
3.50 3.50 1336.88
3.75 3.50 1274.85
4.00 3.50 1212.82
4.25 3.50 1150.78
4.50 3.50 1088.75
4.75 3.50 1382.32
5.00 3.50 1675.88
5.25 3.50 1969.45
5.50 3.50 2263.02
5.75 3.50 2367.20
6.00 3.50 2471.39
6.25 3.50 2575.58
6.50 3.50 2679.76
6.75 3.50 2412.70
7.00 3.50 2145.64
7.25 3.50 1878.57
7.50 3.50 1611.51
