0.50 0.50 37.80
0.75 0.50 37.15
1.00 0.50 36.49
1.25 0.50 35.84
1.50 0.50 35.19
1.75 0.50 37.61
2.00 0.50 40.02
2.25 0.50 42.44
2.50 0.50 44.86
2.75 0.50 47.39
3.00 0.50 49.92
3.25 0.50 52.45
3.50 0.50 54.98
3.75 0.50 55.22
4.00 0.50 55.47
4.25 0.50 55.71
4.50 0.50 55.95
4.75 0.50 92.87
5.00 0.50 129.79
5.25 0.50 166.72
5.50 0.50 203.64
5.75 0.50 214.78
6.00 0.50 225.93
6.25 0.50 237.07
6.50 0.50 248.22
6.75 0.50 233.71
7.00 0.50 219.21
7.25 0.50 204.70
7.50 0.50 190.20
0.50 0.75 37.59
0.75 0.75 37.90
1.00 0.75 37.25
1.25 0.75 36.60
1.50 0.75 35.95
1.75 0.75 38.36
2.00 0.75 40.78
2.25 0.75 43.20
2.50 0.75 45.88
2.75 0.75 46.10
3.00 0.75 48.63
3.25 0.75 51.16
3.50 0.75 53.69
3.75 0.75 53.93
4.00 0.75 54.17
4.25 0.75 54.42
4.50 0.75 55.14
4.75 0.75 69.20
5.00 0.75 106.12
5.25 0.75 143.04
5.50 0.75 179.96
5.75 0.75 191.11
6.00 0.75 202.25
6.25 0.75 213.40
6.50 0.75 225.28
6.75 0.75 230.93
7.00 0.75 216.43
7.25 0.75 201.92
7.50 0.75 187.42
0.50 1.00 37.39
0.75 1.00 37.70
1.00 1.00 38.00
1.25 1.00 37.35
1.50 1.00 36.70
1.75 1.00 39.12
2.00 1.00 41.53
2.25 1.00 44.21
2.50 1.00 46.89
2.75 1.00 47.11
3.00 1.00 47.34
3.25 1.00 49.87
3.50 1.00 52.39
3.75 1.00 52.64
4.00 1.00 52.88
4.25 1.00 53.61
4.50 1.00 54.33
4.75 1.00 68.39
5.00 1.00 82.44
5.25 1.00 119.37
5.50 1.00 156.29
5.75 1.00 167.44
6.00 1.00 178.58
6.25 1.00 190.46
6.50 1.00 202.34
6.75 1.00 207.99
7.00 1.00 213.64
7.25 1.00 199.14
7.50 1.00 184.63
0.50 1.25 37.19
0.75 1.25 37.49
1.00 1.25 37.80
1.25 1.25 38.11
1.50 1.25 37.45
1.75 1.25 39.87
2.00 1.25 42.55
2.25 1.25 45.23
2.50 1.25 47.91
2.75 1.25 48.13
3.00 1.25 48.35
3.25 1.25 48.57
3.50 1.25 51.10
3.75 1.25 51.34
4.00 1.25 52.07
4.25 1.25 52.80
4.50 1.25 53.52
4.75 1.25 67.58
5.00 1.25 81.63
5.25 1.25 95.69
5.50 1.25 132.62
5.75 1.25 143.76
6.00 1.25 155.64
6.25 1.25 167.52
6.50 1.25 179.40
6.75 1.25 185.05
7.00 1.25 190.71
7.25 1.25 196.36
7.50 1.25 181.85
0.50 1.50 36.98
0.75 1.50 37.29
1.00 1.50 37.59
1.25 1.50 37.90
1.50 1.50 38.21
1.75 1.50 40.89
2.00 1.50 43.56
2.25 1.50 46.24
2.50 1.50 48.92
2.75 1.50 49.14
3.00 1.50 49.37
3.25 1.50 49.59
3.50 1.50 49.81
3.75 1.50 50.54
4.00 1.50 51.26
4.25 1.50 51.98
4.50 1.50 52.71
4.75 1.50 66.77
5.00 1.50 80.83
5.25 1.50 94.88
5.50 1.50 108.94
5.75 1.50 120.82
6.00 1.50 132.70
6.25 1.50 144.58
6.50 1.50 156.46
6.75 1.50 162.11
7.00 1.50 167.76
7.25 1.50 173.42
7.50 1.50 179.07
0.50 1.75 35.94
0.75 1.75 36.25
1.00 1.75 36.55
1.25 1.75 36.86
1.50 1.75 38.10
1.75 1.75 38.17
2.00 1.75 40.85
2.25 1.75 43.53
2.50 1.75 46.20
2.75 1.75 46.42
3.00 1.75 46.65
3.25 1.75 46.87
3.50 1.75 48.18
3.75 1.75 48.89
4.00 1.75 49.61
4.25 1.75 50.34
4.50 1.75 51.06
4.75 1.75 65.12
5.00 1.75 79.18
5.25 1.75 93.23
5.50 1.75 103.03
5.75 1.75 113.87
6.00 1.75 125.75
6.25 1.75 137.63
6.50 1.75 149.51
6.75 1.75 155.16
7.00 1.75 160.81
7.25 1.75 166.47
7.50 1.75 172.90
0.50 2.00 34.89
0.75 2.00 35.20
1.00 2.00 35.51
1.25 2.00 36.75
1.50 2.00 37.98
1.75 2.00 38.06
2.00 2.00 38.13
2.25 2.00 40.81
2.50 2.00 43.48
2.75 2.00 43.71
3.00 2.00 43.93
3.25 2.00 45.24
3.50 2.00 46.55
3.75 2.00 47.26
4.00 2.00 47.97
4.25 2.00 48.69
4.50 2.00 49.41
4.75 2.00 63.47
5.00 2.00 77.53
5.25 2.00 87.32
5.50 2.00 97.11
5.75 2.00 107.95
6.00 2.00 118.80
6.25 2.00 130.68
6.50 2.00 142.56
6.75 2.00 148.21
7.00 2.00 153.86
7.25 2.00 160.30
7.50 2.00 166.74
0.50 2.25 33.85
0.75 2.25 34.16
1.00 2.25 35.40
1.25 2.25 36.64
1.50 2.25 37.87
1.75 2.25 37.94
2.00 2.25 38.02
2.25 2.25 38.09
2.50 2.25 40.77
2.75 2.25 40.99
3.00 2.25 42.30
3.25 2.25 43.61
3.50 2.25 44.92
3.75 2.25 45.63
4.00 2.25 46.34
4.25 2.25 47.04
4.50 2.25 47.77
4.75 2.25 61.82
5.00 2.25 71.62
5.25 2.25 81.41
5.50 2.25 91.19
5.75 2.25 102.04
6.00 2.25 112.88
6.25 2.25 123.72
6.50 2.25 135.60
6.75 2.25 141.25
7.00 2.25 147.69
7.25 2.25 154.13
7.50 2.25 160.57
0.50 2.50 32.81
0.75 2.50 34.05
1.00 2.50 35.28
1.25 2.50 36.52
1.50 2.50 37.76
1.75 2.50 37.83
2.00 2.50 37.91
2.25 2.50 37.98
2.50 2.50 38.05
2.75 2.50 39.36
3.00 2.50 40.67
3.25 2.50 41.98
3.50 2.50 43.29
3.75 2.50 44.00
4.00 2.50 44.70
4.25 2.50 45.41
4.50 2.50 46.12
4.75 2.50 55.91
5.00 2.50 65.70
5.25 2.50 75.49
5.50 2.50 85.28
5.75 2.50 96.12
6.00 2.50 106.97
6.25 2.50 117.81
6.50 2.50 128.65
6.75 2.50 135.09
7.00 2.50 141.53
7.25 2.50 147.96
7.50 2.50 154.40
0.50 2.75 33.65
0.75 2.75 33.86
1.00 2.75 35.10
1.25 2.75 36.33
1.50 2.75 37.57
1.75 2.75 37.64
2.00 2.75 37.72
2.25 2.75 37.79
2.50 2.75 39.65
2.75 2.75 39.36
3.00 2.75 40.67
3.25 2.75 41.98
3.50 2.75 43.29
3.75 2.75 44.00
4.00 2.75 44.70
4.25 2.75 45.41
4.50 2.75 46.01
4.75 2.75 47.19
5.00 2.75 56.98
5.25 2.75 66.77
5.50 2.75 76.56
5.75 2.75 107.30
6.00 2.75 118.14
6.25 2.75 128.99
6.50 2.75 139.83
6.75 2.75 146.27
7.00 2.75 152.70
7.25 2.75 159.14
7.50 2.75 144.09
0.50 3.00 34.48
0.75 3.00 34.70
1.00 3.00 34.91
1.25 3.00 36.15
1.50 3.00 37.38
1.75 3.00 37.46
2.00 3.00 37.53
2.25 3.00 39.39
2.50 3.00 41.25
2.75 3.00 40.96
3.00 3.00 40.67
3.25 3.00 41.98
3.50 3.00 43.29
3.75 3.00 44.00
4.00 3.00 44.70
4.25 3.00 45.30
4.50 3.00 45.89
4.75 3.00 47.08
5.00 3.00 48.26
5.25 3.00 58.05
5.50 3.00 67.84
5.75 3.00 98.58
6.00 3.00 129.32
6.25 3.00 140.16
6.50 3.00 151.00
6.75 3.00 157.44
7.00 3.00 163.88
7.25 3.00 148.83
7.50 3.00 133.77
0.50 3.25 35.31
0.75 3.25 35.53
1.00 3.25 35.74
1.25 3.25 35.96
1.50 3.25 37.20
1.75 3.25 37.27
2.00 3.25 39.13
2.25 3.25 40.99
2.50 3.25 42.85
2.75 3.25 42.56
3.00 3.25 42.27
3.25 3.25 41.98
3.50 3.25 43.29
3.75 3.25 44.00
4.00 3.25 44.59
4.25 3.25 45.19
4.50 3.25 45.78
4.75 3.25 46.97
5.00 3.25 48.15
5.25 3.25 49.33
5.50 3.25 59.12
5.75 3.25 89.86
6.00 3.25 120.60
6.25 3.25 151.34
6.50 3.25 162.18
6.75 3.25 168.62
7.00 3.25 153.56
7.25 3.25 138.51
7.50 3.25 123.46
0.50 3.50 36.15
0.75 3.50 36.36
1.00 3.50 36.58
1.25 3.50 36.80
1.50 3.50 37.01
1.75 3.50 38.87
2.00 3.50 40.73
2.25 3.50 42.59
2.50 3.50 44.45
2.75 3.50 44.16
3.00 3.50 43.87
3.25 3.50 43.58
3.50 3.50 43.29
3.75 3.50 43.89
4.00 3.50 44.48
4.25 3.50 45.07
4.50 3.50 45.67
4.75 3.50 46.85
5.00 3.50 48.03
5.25 3.50 49.22
5.50 3.50 50.40
5.75 3.50 81.14
6.00 3.50 111.88
6.25 3.50 142.62
6.50 3.50 173.36
6.75 3.50 158.31
7.00 3.50 143.25
7.25 3.50 128.19
7.50 3.50 113.14
