0.50 0.50 96.60
0.75 0.50 94.67
1.00 0.50 92.74
1.25 0.50 90.81
1.50 0.50 88.88
1.75 0.50 94.97
2.00 0.50 101.05
2.25 0.50 107.13
2.50 0.50 113.22
2.75 0.50 119.65
3.00 0.50 126.08
3.25 0.50 132.52
3.50 0.50 138.95
3.75 0.50 139.56
4.00 0.50 140.18
4.25 0.50 140.79
4.50 0.50 141.40
4.75 0.50 235.24
5.00 0.50 329.08
5.25 0.50 422.93
5.50 0.50 516.77
5.75 0.50 549.07
6.00 0.50 581.36
6.25 0.50 613.65
6.50 0.50 645.95
6.75 0.50 605.69
7.00 0.50 565.42
7.25 0.50 525.16
7.50 0.50 484.90
0.50 0.75 95.94
0.75 0.75 96.93
1.00 0.75 95.00
1.25 0.75 93.07
1.50 0.75 91.14
1.75 0.75 97.22
2.00 0.75 103.31
2.25 0.75 109.39
2.50 0.75 115.63
2.75 0.75 116.32
3.00 0.75 122.75
3.25 0.75 129.19
3.50 0.75 135.62
3.75 0.75 136.23
4.00 0.75 136.84
4.25 0.75 137.46
4.50 0.75 139.41
4.75 0.75 174.90
5.00 0.75 268.74
5.25 0.75 362.58
5.50 0.75 456.42
5.75 0.75 488.72
6.00 0.75 521.01
6.25 0.75 553.31
6.50 0.75 584.45
6.75 0.75 597.50
7.00 0.75 557.24
7.25 0.75 516.97
7.50 0.75 476.71
0.50 1.00 95.28
0.75 1.00 96.27
1.00 1.00 97.26
1.25 1.00 95.33
1.50 1.00 93.40
1.75 1.00 99.48
2.00 1.00 105.57
2.25 1.00 111.80
2.50 1.00 118.03
2.75 1.00 118.73
3.00 1.00 119.42
3.25 1.00 125.85
3.50 1.00 132.28
3.75 1.00 132.90
4.00 1.00 133.51
4.25 1.00 135.46
4.50 1.00 137.42
4.75 1.00 172.90
5.00 1.00 208.39
5.25 1.00 302.23
5.50 1.00 396.07
5.75 1.00 428.37
6.00 1.00 460.67
6.25 1.00 491.80
6.50 1.00 522.94
6.75 1.00 536.00
7.00 1.00 549.05
7.25 1.00 508.79
7.50 1.00 468.52
0.50 1.25 94.61
0.75 1.25 95.60
1.00 1.25 96.60
1.25 1.25 97.59
1.50 1.25 95.66
1.75 1.25 101.75
2.00 1.25 107.98
2.25 1.25 114.21
2.50 1.25 120.44
2.75 1.25 121.13
3.00 1.25 121.83
3.25 1.25 122.52
3.50 1.25 128.95
3.75 1.25 129.56
4.00 1.25 131.52
4.25 1.25 133.47
4.50 1.25 135.42
4.75 1.25 170.91
5.00 1.25 206.40
5.25 1.25 241.88
5.50 1.25 335.73
5.75 1.25 368.02
6.00 1.25 399.16
6.25 1.25 430.30
6.50 1.25 461.44
6.75 1.25 474.49
7.00 1.25 487.55
7.25 1.25 500.60
7.50 1.25 460.34
0.50 1.50 93.95
0.75 1.50 94.94
1.00 1.50 95.94
1.25 1.50 96.93
1.50 1.50 97.92
1.75 1.50 104.15
2.00 1.50 110.38
2.25 1.50 116.62
2.50 1.50 122.85
2.75 1.50 123.54
3.00 1.50 124.23
3.25 1.50 124.93
3.50 1.50 125.62
3.75 1.50 127.57
4.00 1.50 129.53
4.25 1.50 131.48
4.50 1.50 133.43
4.75 1.50 168.92
5.00 1.50 204.41
5.25 1.50 239.89
5.50 1.50 275.38
5.75 1.50 306.52
6.00 1.50 337.65
6.25 1.50 368.79
6.50 1.50 399.93
6.75 1.50 412.99
7.00 1.50 426.04
7.25 1.50 439.09
7.50 1.50 452.15
0.50 1.75 91.12
0.75 1.75 92.11
1.00 1.75 93.10
1.25 1.75 94.09
1.50 1.75 97.20
1.75 1.75 97.47
2.00 1.75 103.70
2.25 1.75 109.93
2.50 1.75 116.16
2.75 1.75 116.85
3.00 1.75 117.55
3.25 1.75 118.24
3.50 1.75 121.48
3.75 1.75 123.28
4.00 1.75 125.23
4.25 1.75 127.18
4.50 1.75 129.13
4.75 1.75 164.62
5.00 1.75 200.11
5.25 1.75 235.60
5.50 1.75 261.05
5.75 1.75 287.99
6.00 1.75 319.12
6.25 1.75 350.26
6.50 1.75 381.40
6.75 1.75 394.45
7.00 1.75 407.51
7.25 1.75 420.56
7.50 1.75 437.81
0.50 2.00 88.28
0.75 2.00 89.28
1.00 2.00 90.27
1.25 2.00 93.37
1.50 2.00 96.47
1.75 2.00 96.74
2.00 2.00 97.01
2.25 2.00 103.24
2.50 2.00 109.47
2.75 2.00 110.17
3.00 2.00 110.86
3.25 2.00 114.10
3.50 2.00 117.35
3.75 2.00 119.14
4.00 2.00 120.94
4.25 2.00 122.89
4.50 2.00 124.84
4.75 2.00 160.33
5.00 2.00 195.81
5.25 2.00 221.26
5.50 2.00 246.72
5.75 2.00 273.65
6.00 2.00 300.59
6.25 2.00 331.73
6.50 2.00 362.87
6.75 2.00 375.92
7.00 2.00 388.98
7.25 2.00 406.22
7.50 2.00 423.48
0.50 2.25 85.45
0.75 2.25 86.45
1.00 2.25 89.55
1.25 2.25 92.65
1.50 2.25 95.75
1.75 2.25 96.02
2.00 2.25 96.29
2.25 2.25 96.55
2.50 2.25 102.79
2.75 2.25 103.48
3.00 2.25 106.72
3.25 2.25 109.97
3.50 2.25 113.22
3.75 2.25 115.01
4.00 2.25 116.80
4.25 2.25 118.59
4.50 2.25 120.55
4.75 2.25 156.03
5.00 2.25 181.48
5.25 2.25 206.93
5.50 2.25 232.38
5.75 2.25 259.32
6.00 2.25 286.26
6.25 2.25 313.20
6.50 2.25 344.33
6.75 2.25 357.39
7.00 2.25 374.64
7.25 2.25 391.89
7.50 2.25 409.14
0.50 2.50 82.62
0.75 2.50 85.72
1.00 2.50 88.83
1.25 2.50 91.93
1.50 2.50 95.03
1.75 2.50 95.30
2.00 2.50 95.56
2.25 2.50 95.83
2.50 2.50 96.10
2.75 2.50 99.34
3.00 2.50 102.59
3.25 2.50 105.84
3.50 2.50 109.08
3.75 2.50 110.87
4.00 2.50 112.66
4.25 2.50 114.46
4.50 2.50 116.25
4.75 2.50 141.70
5.00 2.50 167.15
5.25 2.50 192.60
5.50 2.50 218.05
5.75 2.50 244.99
6.00 2.50 271.93
6.25 2.50 298.86
6.50 2.50 325.80
6.75 2.50 343.05
7.00 2.50 360.30
7.25 2.50 377.55
7.50 2.50 394.80
0.50 2.75 84.92
0.75 2.75 85.22
1.00 2.75 88.32
1.25 2.75 91.43
1.50 2.75 94.53
1.75 2.75 94.80
2.00 2.75 95.06
2.25 2.75 95.33
2.50 2.75 100.05
2.75 2.75 99.22
3.00 2.75 102.47
3.25 2.75 105.71
3.50 2.75 108.95
3.75 2.75 110.75
4.00 2.75 112.54
4.25 2.75 114.33
4.50 2.75 115.90
4.75 2.75 118.89
5.00 2.75 144.34
5.25 2.75 169.79
5.50 2.75 195.24
5.75 2.75 274.60
6.00 2.75 301.53
6.25 2.75 328.47
6.50 2.75 355.41
6.75 2.75 372.66
7.00 2.75 389.91
7.25 2.75 407.16
7.50 2.75 368.92
0.50 3.00 87.21
0.75 3.00 87.52
1.00 3.00 87.83
1.25 3.00 90.93
1.50 3.00 94.03
1.75 3.00 94.30
2.00 3.00 94.56
2.25 3.00 99.28
2.50 3.00 104.00
2.75 3.00 103.17
3.00 3.00 102.34
3.25 3.00 105.59
3.50 3.00 108.83
3.75 3.00 110.62
4.00 3.00 112.41
4.25 3.00 113.98
4.50 3.00 115.55
4.75 3.00 118.54
5.00 3.00 121.53
5.25 3.00 146.98
5.50 3.00 172.43
5.75 3.00 251.78
6.00 3.00 331.14
6.25 3.00 358.08
6.50 3.00 385.01
6.75 3.00 402.26
7.00 3.00 419.51
7.25 3.00 381.27
7.50 3.00 343.03
0.50 3.25 89.50
0.75 3.25 89.81
1.00 3.25 90.12
1.25 3.25 90.43
1.50 3.25 93.53
1.75 3.25 93.80
2.00 3.25 98.52
2.25 3.25 103.23
2.50 3.25 107.95
2.75 3.25 107.12
3.00 3.25 106.29
3.25 3.25 105.46
3.50 3.25 108.70
3.75 3.25 110.50
4.00 3.25 112.06
4.25 3.25 113.63
4.50 3.25 115.20
4.75 3.25 118.19
5.00 3.25 121.18
5.25 3.25 124.16
5.50 3.25 149.61
5.75 3.25 228.97
6.00 3.25 308.33
6.25 3.25 387.69
6.50 3.25 414.62
6.75 3.25 431.87
7.00 3.25 393.63
7.25 3.25 355.39
7.50 3.25 317.15
0.50 3.50 91.80
0.75 3.50 92.11
1.00 3.50 92.41
1.25 3.50 92.72
1.50 3.50 93.03
1.75 3.50 97.75
2.00 3.50 102.47
2.25 3.50 107.18
2.50 3.50 111.90
2.75 3.50 111.07
3.00 3.50 110.24
3.25 3.50 109.41
3.50 3.50 108.58
3.75 3.50 110.15
4.00 3.50 111.72
4.25 3.50 113.28
4.50 3.50 114.85
4.75 3.50 117.84
5.00 3.50 120.82
5.25 3.50 123.81
5.50 3.50 126.80
5.75 3.50 206.16
6.00 3.50 285.51
6.25 3.50 364.87
6.50 3.50 444.23
6.75 3.50 405.99
7.00 3.50 367.75
7.25 3.50 329.51
7.50 3.50 291.27
