0.50 0.50 144.90
0.75 0.50 126.95
1.00 0.50 109.00
1.25 0.50 91.04
1.50 0.50 73.09
1.75 0.50 89.80
2.00 0.50 106.51
2.25 0.50 123.22
2.50 0.50 139.93
2.75 0.50 148.07
3.00 0.50 156.21
3.25 0.50 164.35
3.50 0.50 172.49
3.75 0.50 165.86
4.00 0.50 159.23
4.25 0.50 152.60
4.50 0.50 145.97
4.75 0.50 299.18
5.00 0.50 452.40
5.25 0.50 605.61
5.50 0.50 758.82
5.75 0.50 899.14
6.00 0.50 1039.46
6.25 0.50 1179.79
6.50 0.50 1320.11
6.75 0.50 1170.61
7.00 0.50 1021.11
7.25 0.50 871.60
7.50 0.50 722.10
0.50 0.75 128.30
0.75 0.75 145.70
1.00 0.75 127.75
1.25 0.75 109.80
1.50 0.75 91.84
1.75 0.75 108.56
2.00 0.75 125.27
2.25 0.75 141.98
2.50 0.75 136.06
2.75 0.75 130.68
3.00 0.75 138.81
3.25 0.75 146.96
3.50 0.75 155.09
3.75 0.75 148.47
4.00 0.75 141.84
4.25 0.75 135.20
4.50 0.75 158.07
4.75 0.75 180.59
5.00 0.75 333.81
5.25 0.75 487.02
5.50 0.75 640.23
5.75 0.75 780.56
6.00 0.75 920.88
6.25 0.75 1061.20
6.50 0.75 1074.89
6.75 0.75 1129.97
7.00 0.75 980.46
7.25 0.75 830.96
7.50 0.75 681.46
0.50 1.00 111.69
0.75 1.00 129.10
1.00 1.00 146.50
1.25 1.00 128.55
1.50 1.00 110.60
1.75 1.00 127.31
2.00 1.00 144.02
2.25 1.00 138.11
2.50 1.00 132.19
2.75 1.00 126.81
3.00 1.00 121.42
3.25 1.00 129.56
3.50 1.00 137.70
3.75 1.00 131.07
4.00 1.00 124.44
4.25 1.00 147.30
4.50 1.00 170.17
4.75 1.00 192.69
5.00 1.00 215.22
5.25 1.00 368.43
5.50 1.00 521.64
5.75 1.00 661.97
6.00 1.00 802.29
6.25 1.00 815.98
6.50 1.00 829.67
6.75 1.00 884.75
7.00 1.00 939.82
7.25 1.00 790.32
7.50 1.00 640.82
0.50 1.25 95.09
0.75 1.25 112.50
1.00 1.25 129.90
1.25 1.25 147.31
1.50 1.25 129.36
1.75 1.25 146.06
2.00 1.25 140.15
2.25 1.25 134.24
2.50 1.25 128.33
2.75 1.25 122.94
3.00 1.25 117.55
3.25 1.25 112.17
3.50 1.25 120.31
3.75 1.25 113.68
4.00 1.25 136.54
4.25 1.25 159.40
4.50 1.25 182.26
4.75 1.25 204.79
5.00 1.25 227.32
5.25 1.25 249.85
5.50 1.25 403.06
5.75 1.25 543.38
6.00 1.25 557.07
6.25 1.25 570.76
6.50 1.25 584.45
6.75 1.25 639.53
7.00 1.25 694.60
7.25 1.25 749.68
7.50 1.25 600.18
0.50 1.50 78.49
0.75 1.50 95.89
1.00 1.50 113.30
1.25 1.50 130.71
1.50 1.50 148.11
1.75 1.50 142.20
2.00 1.50 136.28
2.25 1.50 130.37
2.50 1.50 124.46
2.75 1.50 119.07
3.00 1.50 113.69
3.25 1.50 108.30
3.50 1.50 102.91
3.75 1.50 125.77
4.00 1.50 148.63
4.25 1.50 171.50
4.50 1.50 194.36
4.75 1.50 216.89
5.00 1.50 239.42
5.25 1.50 261.94
5.50 1.50 284.47
5.75 1.50 298.16
6.00 1.50 311.85
6.25 1.50 325.54
6.50 1.50 339.23
6.75 1.50 394.31
7.00 1.50 449.38
7.25 1.50 504.46
7.50 1.50 559.54
0.50 1.75 71.47
0.75 1.75 88.88
1.00 1.75 106.28
1.25 1.75 123.69
1.50 1.75 125.55
1.75 1.75 135.84
2.00 1.75 129.93
2.25 1.75 124.01
2.50 1.75 118.10
2.75 1.75 112.72
3.00 1.75 107.33
3.25 1.75 101.94
3.50 1.75 93.84
3.75 1.75 106.95
4.00 1.75 129.81
4.25 1.75 152.67
4.50 1.75 175.54
4.75 1.75 198.06
5.00 1.75 220.59
5.25 1.75 243.12
5.50 1.75 271.51
5.75 1.75 349.31
6.00 1.75 363.00
6.25 1.75 376.69
6.50 1.75 390.38
6.75 1.75 445.46
7.00 1.75 500.53
7.25 1.75 555.61
7.50 1.75 567.95
0.50 2.00 64.45
0.75 2.00 81.86
1.00 2.00 99.26
1.25 2.00 101.13
1.50 2.00 103.00
1.75 2.00 113.28
2.00 2.00 123.57
2.25 2.00 117.66
2.50 2.00 111.75
2.75 2.00 106.36
3.00 2.00 100.97
3.25 2.00 92.87
3.50 2.00 84.78
3.75 2.00 97.88
4.00 2.00 110.98
4.25 2.00 133.85
4.50 2.00 156.71
4.75 2.00 179.24
5.00 2.00 201.77
5.25 2.00 230.16
5.50 2.00 258.56
5.75 2.00 336.35
6.00 2.00 414.15
6.25 2.00 427.84
6.50 2.00 441.53
6.75 2.00 496.61
7.00 2.00 551.68
7.25 2.00 564.03
7.50 2.00 576.37
0.50 2.25 57.43
0.75 2.25 74.84
1.00 2.25 76.70
1.25 2.25 78.57
1.50 2.25 80.44
1.75 2.25 90.72
2.00 2.25 101.01
2.25 2.25 111.30
2.50 2.25 105.39
2.75 2.25 100.00
3.00 2.25 91.90
3.25 2.25 83.81
3.50 2.25 75.71
3.75 2.25 88.81
4.00 2.25 101.92
4.25 2.25 115.02
4.50 2.25 137.88
4.75 2.25 160.41
5.00 2.25 188.81
5.25 2.25 217.20
5.50 2.25 245.60
5.75 2.25 323.39
6.00 2.25 401.19
6.25 2.25 478.99
6.50 2.25 492.68
6.75 2.25 547.76
7.00 2.25 560.10
7.25 2.25 572.44
7.50 2.25 584.79
0.50 2.50 50.41
0.75 2.50 52.28
1.00 2.50 54.14
1.25 2.50 56.01
1.50 2.50 57.88
1.75 2.50 68.17
2.00 2.50 78.45
2.25 2.50 88.74
2.50 2.50 99.03
2.75 2.50 90.93
3.00 2.50 82.84
3.25 2.50 74.74
3.50 2.50 66.64
3.75 2.50 79.75
4.00 2.50 92.85
4.25 2.50 105.95
4.50 2.50 119.06
4.75 2.50 147.45
5.00 2.50 175.85
5.25 2.50 204.25
5.50 2.50 232.64
5.75 2.50 310.44
6.00 2.50 388.24
6.25 2.50 466.03
6.50 2.50 543.83
6.75 2.50 556.17
7.00 2.50 568.52
7.25 2.50 580.86
7.50 2.50 593.20
0.50 2.75 56.95
0.75 2.75 56.69
1.00 2.75 58.55
1.25 2.75 60.42
1.50 2.75 62.29
1.75 2.75 72.58
2.00 2.75 82.86
2.25 2.75 93.15
2.50 2.75 97.08
2.75 2.75 107.18
3.00 2.75 99.08
3.25 2.75 90.99
3.50 2.75 82.89
3.75 2.75 96.00
4.00 2.75 109.10
4.25 2.75 122.20
4.50 2.75 106.75
4.75 2.75 108.59
5.00 2.75 136.99
5.25 2.75 165.38
5.50 2.75 193.78
5.75 2.75 391.15
6.00 2.75 468.95
6.25 2.75 546.75
6.50 2.75 624.54
6.75 2.75 636.88
7.00 2.75 649.23
7.25 2.75 661.57
7.50 2.75 556.54
0.50 3.00 63.49
0.75 3.00 63.23
1.00 3.00 62.96
1.25 3.00 64.83
1.50 3.00 66.70
1.75 3.00 76.98
2.00 3.00 87.27
2.25 3.00 91.20
2.50 3.00 95.12
2.75 3.00 105.23
3.00 3.00 115.33
3.25 3.00 107.24
3.50 3.00 99.14
3.75 3.00 112.24
4.00 3.00 125.35
4.25 3.00 109.90
4.50 3.00 94.45
4.75 3.00 96.29
5.00 3.00 98.13
5.25 3.00 126.53
5.50 3.00 154.92
5.75 3.00 352.29
6.00 3.00 549.66
6.25 3.00 627.46
6.50 3.00 705.25
6.75 3.00 717.60
7.00 3.00 729.94
7.25 3.00 624.91
7.50 3.00 519.88
0.50 3.25 70.04
0.75 3.25 69.77
1.00 3.25 69.50
1.25 3.25 69.24
1.50 3.25 71.10
1.75 3.25 81.39
2.00 3.25 85.32
2.25 3.25 89.25
2.50 3.25 93.17
2.75 3.25 103.28
3.00 3.25 113.38
3.25 3.25 123.49
3.50 3.25 115.39
3.75 3.25 128.50
4.00 3.25 113.04
4.25 3.25 97.59
4.50 3.25 82.15
4.75 3.25 83.98
5.00 3.25 85.83
5.25 3.25 87.67
5.50 3.25 116.06
5.75 3.25 313.43
6.00 3.25 510.80
6.25 3.25 708.17
6.50 3.25 785.97
6.75 3.25 798.31
7.00 3.25 693.28
7.25 3.25 588.25
7.50 3.25 483.23
0.50 3.50 76.58
0.75 3.50 76.31
1.00 3.50 76.05
1.25 3.50 75.78
1.50 3.50 75.51
1.75 3.50 79.44
2.00 3.50 83.37
2.25 3.50 87.29
2.50 3.50 91.22
2.75 3.50 101.32
3.00 3.50 111.43
3.25 3.50 121.53
3.50 3.50 131.64
3.75 3.50 116.19
4.00 3.50 100.74
4.25 3.50 85.29
4.50 3.50 69.84
4.75 3.50 71.68
5.00 3.50 73.52
5.25 3.50 75.36
5.50 3.50 77.20
5.75 3.50 274.57
6.00 3.50 471.94
6.25 3.50 669.31
6.50 3.50 866.68
6.75 3.50 761.65
7.00 3.50 656.62
7.25 3.50 551.60
7.50 3.50 446.57
