0.50 0.50 37.33
0.75 0.50 39.37
1.00 0.50 41.41
1.25 0.50 43.46
1.50 0.50 45.50
1.75 0.50 45.33
2.00 0.50 45.16
2.25 0.50 45.00
2.50 0.50 44.83
2.75 0.50 46.32
3.00 0.50 47.81
3.25 0.50 49.31
3.50 0.50 50.80
3.75 0.50 50.60
4.00 0.50 50.41
4.25 0.50 50.22
4.50 0.50 50.02
4.75 0.50 56.86
5.00 0.50 63.70
5.25 0.50 70.55
5.50 0.50 77.39
5.75 0.50 107.59
6.00 0.50 137.80
6.25 0.50 168.00
6.50 0.50 198.21
6.75 0.50 188.36
7.00 0.50 178.50
7.25 0.50 168.65
7.50 0.50 158.80
0.50 0.75 36.66
0.75 0.75 34.92
1.00 0.75 36.96
1.25 0.75 39.00
1.50 0.75 41.05
1.75 0.75 40.88
2.00 0.75 40.71
2.25 0.75 40.54
2.50 0.75 46.32
2.75 0.75 46.09
3.00 0.75 47.58
3.25 0.75 49.07
3.50 0.75 50.56
3.75 0.75 50.37
4.00 0.75 50.17
4.25 0.75 49.98
4.50 0.75 53.93
4.75 0.75 55.22
5.00 0.75 62.06
5.25 0.75 68.90
5.50 0.75 75.74
5.75 0.75 105.95
6.00 0.75 136.15
6.25 0.75 166.36
6.50 0.75 218.79
6.75 0.75 191.94
7.00 0.75 182.08
7.25 0.75 172.23
7.50 0.75 162.38
0.50 1.00 35.99
0.75 1.00 34.25
1.00 1.00 32.50
1.25 1.00 34.55
1.50 1.00 36.59
1.75 1.00 36.42
2.00 1.00 36.25
2.25 1.00 42.03
2.50 1.00 47.81
2.75 1.00 47.58
3.00 1.00 47.34
3.25 1.00 48.83
3.50 1.00 50.33
3.75 1.00 50.13
4.00 1.00 49.94
4.25 1.00 53.89
4.50 1.00 57.84
4.75 1.00 59.12
5.00 1.00 60.41
5.25 1.00 67.25
5.50 1.00 74.09
5.75 1.00 104.30
6.00 1.00 134.50
6.25 1.00 186.94
6.50 1.00 239.38
6.75 1.00 212.52
7.00 1.00 185.66
7.25 1.00 175.81
7.50 1.00 165.96
0.50 1.25 35.33
0.75 1.25 33.58
1.00 1.25 31.84
1.25 1.25 30.09
1.50 1.25 32.13
1.75 1.25 31.97
2.00 1.25 37.75
2.25 1.25 43.53
2.50 1.25 49.31
2.75 1.25 49.07
3.00 1.25 48.83
3.25 1.25 48.59
3.50 1.25 50.09
3.75 1.25 49.89
4.00 1.25 53.84
4.25 1.25 57.80
4.50 1.25 61.75
4.75 1.25 63.03
5.00 1.25 64.32
5.25 1.25 65.60
5.50 1.25 72.45
5.75 1.25 102.65
6.00 1.25 155.09
6.25 1.25 207.52
6.50 1.25 259.96
6.75 1.25 233.10
7.00 1.25 206.24
7.25 1.25 179.39
7.50 1.25 169.53
0.50 1.50 34.66
0.75 1.50 32.91
1.00 1.50 31.17
1.25 1.50 29.42
1.50 1.50 27.68
1.75 1.50 33.46
2.00 1.50 39.24
2.25 1.50 45.02
2.50 1.50 50.80
2.75 1.50 50.56
3.00 1.50 50.33
3.25 1.50 50.09
3.50 1.50 49.85
3.75 1.50 53.80
4.00 1.50 57.75
4.25 1.50 61.71
4.50 1.50 65.66
4.75 1.50 66.94
5.00 1.50 68.23
5.25 1.50 69.51
5.50 1.50 70.80
5.75 1.50 123.23
6.00 1.50 175.67
6.25 1.50 228.11
6.50 1.50 280.54
6.75 1.50 253.68
7.00 1.50 226.83
7.25 1.50 199.97
7.50 1.50 173.11
0.50 1.75 33.78
0.75 1.75 32.04
1.00 1.75 30.29
1.25 1.75 28.55
1.50 1.75 27.73
1.75 1.75 28.19
2.00 1.75 33.97
2.25 1.75 39.75
2.50 1.75 45.53
2.75 1.75 45.29
3.00 1.75 45.05
3.25 1.75 44.82
3.50 1.75 45.50
3.75 1.75 48.08
4.00 1.75 52.03
4.25 1.75 55.98
4.50 1.75 59.94
4.75 1.75 61.22
5.00 1.75 62.51
5.25 1.75 63.79
5.50 1.75 73.36
5.75 1.75 80.70
6.00 1.75 133.14
6.25 1.75 185.58
6.50 1.75 238.01
6.75 1.75 211.15
7.00 1.75 184.30
7.25 1.75 157.44
7.50 1.75 154.03
0.50 2.00 32.91
0.75 2.00 31.16
1.00 2.00 29.41
1.25 2.00 28.60
1.50 2.00 27.79
1.75 2.00 28.24
2.00 2.00 28.70
2.25 2.00 34.47
2.50 2.00 40.25
2.75 2.00 40.02
3.00 2.00 39.78
3.25 2.00 40.47
3.50 2.00 41.16
3.75 2.00 43.73
4.00 2.00 46.31
4.25 2.00 50.26
4.50 2.00 54.22
4.75 2.00 55.50
5.00 2.00 56.78
5.25 2.00 66.35
5.50 2.00 75.91
5.75 2.00 83.26
6.00 2.00 90.61
6.25 2.00 143.05
6.50 2.00 195.48
6.75 2.00 168.62
7.00 2.00 141.77
7.25 2.00 138.36
7.50 2.00 134.94
0.50 2.25 32.03
0.75 2.25 30.28
1.00 2.25 29.47
1.25 2.25 28.66
1.50 2.25 27.84
1.75 2.25 28.30
2.00 2.25 28.75
2.25 2.25 29.20
2.50 2.25 34.98
2.75 2.25 34.74
3.00 2.25 35.43
3.25 2.25 36.12
3.50 2.25 36.81
3.75 2.25 39.39
4.00 2.25 41.96
4.25 2.25 44.54
4.50 2.25 48.49
4.75 2.25 49.78
5.00 2.25 59.34
5.25 2.25 68.91
5.50 2.25 78.47
5.75 2.25 85.82
6.00 2.25 93.17
6.25 2.25 100.52
6.50 2.25 152.95
6.75 2.25 126.09
7.00 2.25 122.68
7.25 2.25 119.27
7.50 2.25 115.86
0.50 2.50 31.15
0.75 2.50 30.34
1.00 2.50 29.52
1.25 2.50 28.71
1.50 2.50 27.90
1.75 2.50 28.35
2.00 2.50 28.80
2.25 2.50 29.26
2.50 2.50 29.71
2.75 2.50 30.40
3.00 2.50 31.09
3.25 2.50 31.77
3.50 2.50 32.46
3.75 2.50 35.04
4.00 2.50 37.62
4.25 2.50 40.19
4.50 2.50 42.77
4.75 2.50 52.34
5.00 2.50 61.90
5.25 2.50 71.47
5.50 2.50 81.03
5.75 2.50 88.38
6.00 2.50 95.72
6.25 2.50 103.07
6.50 2.50 110.42
6.75 2.50 107.01
7.00 2.50 103.60
7.25 2.50 100.19
7.50 2.50 96.78
0.50 2.75 30.55
0.75 2.75 30.75
1.00 2.75 29.94
1.25 2.75 29.12
1.50 2.75 28.31
1.75 2.75 28.77
2.00 2.75 29.22
2.25 2.75 29.67
2.50 2.75 29.72
2.75 2.75 30.14
3.00 2.75 30.83
3.25 2.75 31.52
3.50 2.75 32.20
3.75 2.75 34.78
4.00 2.75 37.36
4.25 2.75 39.94
4.50 2.75 43.45
4.75 2.75 44.82
5.00 2.75 54.38
5.25 2.75 63.95
5.50 2.75 73.51
5.75 2.75 95.20
6.00 2.75 102.55
6.25 2.75 109.90
6.50 2.75 117.24
6.75 2.75 113.83
7.00 2.75 110.42
7.25 2.75 107.01
7.50 2.75 103.30
0.50 3.00 29.95
0.75 3.00 30.15
1.00 3.00 30.35
1.25 3.00 29.54
1.50 3.00 28.73
1.75 3.00 29.18
2.00 3.00 29.63
2.25 3.00 29.68
2.50 3.00 29.73
2.75 3.00 30.15
3.00 3.00 30.57
3.25 3.00 31.26
3.50 3.00 31.95
3.75 3.00 34.52
4.00 3.00 37.10
4.25 3.00 40.61
4.50 3.00 44.12
4.75 3.00 45.49
5.00 3.00 46.87
5.25 3.00 56.43
5.50 3.00 66.00
5.75 3.00 87.68
6.00 3.00 109.37
6.25 3.00 116.72
6.50 3.00 124.06
6.75 3.00 120.66
7.00 3.00 117.25
7.25 3.00 113.53
7.50 3.00 109.81
0.50 3.25 29.36
0.75 3.25 29.55
1.00 3.25 29.75
1.25 3.25 29.95
1.50 3.25 29.14
1.75 3.25 29.59
2.00 3.25 29.64
2.25 3.25 29.69
2.50 3.25 29.73
2.75 3.25 30.16
3.00 3.25 30.58
3.25 3.25 31.00
3.50 3.25 31.69
3.75 3.25 34.27
4.00 3.25 37.78
4.25 3.25 41.29
4.50 3.25 44.80
4.75 3.25 46.17
5.00 3.25 47.54
5.25 3.25 48.91
5.50 3.25 58.48
5.75 3.25 80.16
6.00 3.25 101.85
6.25 3.25 123.54
6.50 3.25 130.89
6.75 3.25 127.48
7.00 3.25 123.76
7.25 3.25 120.05
7.50 3.25 116.33
0.50 3.50 28.76
0.75 3.50 28.96
1.00 3.50 29.16
1.25 3.50 29.35
1.50 3.50 29.55
1.75 3.50 29.60
2.00 3.50 29.64
2.25 3.50 29.69
2.50 3.50 29.74
2.75 3.50 30.16
3.00 3.50 30.59
3.25 3.50 31.01
3.50 3.50 31.43
3.75 3.50 34.94
4.00 3.50 38.45
4.25 3.50 41.97
4.50 3.50 45.48
4.75 3.50 46.85
5.00 3.50 48.22
5.25 3.50 49.59
5.50 3.50 50.96
5.75 3.50 72.65
6.00 3.50 94.34
6.25 3.50 116.02
6.50 3.50 137.71
6.75 3.50 134.00
7.00 3.50 130.28
7.25 3.50 126.56
7.50 3.50 122.85
