0.50 0.50 94.15
0.75 0.50 99.36
1.00 0.50 104.58
1.25 0.50 109.79
1.50 0.50 115.00
1.75 0.50 114.41
2.00 0.50 113.83
2.25 0.50 113.24
2.50 0.50 112.65
2.75 0.50 116.89
3.00 0.50 121.12
3.25 0.50 125.36
3.50 0.50 129.60
3.75 0.50 128.84
4.00 0.50 128.07
4.25 0.50 127.31
4.50 0.50 126.55
4.75 0.50 143.61
5.00 0.50 160.66
5.25 0.50 177.72
5.50 0.50 194.78
5.75 0.50 271.69
6.00 0.50 348.61
6.25 0.50 425.52
6.50 0.50 502.43
6.75 0.50 478.47
7.00 0.50 454.51
7.25 0.50 430.56
7.50 0.50 406.60
0.50 0.75 92.70
0.75 0.75 88.08
1.00 0.75 93.29
1.25 0.75 98.50
1.50 0.75 103.71
1.75 0.75 103.12
2.00 0.75 102.54
2.25 0.75 101.95
2.50 0.75 116.51
2.75 0.75 116.16
3.00 0.75 120.40
3.25 0.75 124.64
3.50 0.75 128.88
3.75 0.75 128.11
4.00 0.75 127.35
4.25 0.75 126.59
4.50 0.75 137.12
4.75 0.75 139.81
5.00 0.75 156.87
5.25 0.75 173.93
5.50 0.75 190.99
5.75 0.75 267.90
6.00 0.75 344.81
6.25 0.75 421.72
6.50 0.75 555.72
6.75 0.75 485.50
7.00 0.75 461.55
7.25 0.75 437.59
7.50 0.75 413.63
0.50 1.00 91.24
0.75 1.00 86.62
1.00 1.00 82.00
1.25 1.00 87.21
1.50 1.00 92.42
1.75 1.00 91.84
2.00 1.00 91.25
2.25 1.00 105.81
2.50 1.00 120.38
2.75 1.00 120.03
3.00 1.00 119.68
3.25 1.00 123.91
3.50 1.00 128.15
3.75 1.00 127.39
4.00 1.00 126.62
4.25 1.00 137.16
4.50 1.00 147.69
4.75 1.00 150.38
5.00 1.00 153.07
5.25 1.00 170.13
5.50 1.00 187.19
5.75 1.00 264.10
6.00 1.00 341.01
6.25 1.00 475.01
6.50 1.00 609.00
6.75 1.00 538.79
7.00 1.00 468.58
7.25 1.00 444.62
7.50 1.00 420.67
0.50 1.25 89.78
0.75 1.25 85.16
1.00 1.25 80.54
1.25 1.25 75.92
1.50 1.25 81.14
1.75 1.25 80.55
2.00 1.25 95.11
2.25 1.25 109.67
2.50 1.25 124.24
2.75 1.25 123.89
3.00 1.25 123.54
3.25 1.25 123.19
3.50 1.25 127.43
3.75 1.25 126.66
4.00 1.25 137.19
4.25 1.25 147.72
4.50 1.25 158.25
4.75 1.25 160.95
5.00 1.25 163.64
5.25 1.25 166.34
5.50 1.25 183.39
5.75 1.25 260.31
6.00 1.25 394.30
6.25 1.25 528.30
6.50 1.25 662.29
6.75 1.25 592.08
7.00 1.25 521.87
7.25 1.25 451.66
7.50 1.25 427.70
0.50 1.50 88.33
0.75 1.50 83.71
1.00 1.50 79.09
1.25 1.50 74.47
1.50 1.50 69.85
1.75 1.50 84.41
2.00 1.50 98.97
2.25 1.50 113.54
2.50 1.50 128.10
2.75 1.50 127.75
3.00 1.50 127.40
3.25 1.50 127.05
3.50 1.50 126.70
3.75 1.50 137.23
4.00 1.50 147.76
4.25 1.50 158.29
4.50 1.50 168.82
4.75 1.50 171.51
5.00 1.50 174.21
5.25 1.50 176.90
5.50 1.50 179.60
5.75 1.50 313.60
6.00 1.50 447.59
6.25 1.50 581.59
6.50 1.50 715.58
6.75 1.50 645.37
7.00 1.50 575.15
7.25 1.50 504.94
7.50 1.50 434.73
0.50 1.75 85.82
0.75 1.75 81.20
1.00 1.75 76.58
1.25 1.75 71.96
1.50 1.75 69.96
1.75 1.75 71.12
2.00 1.75 85.68
2.25 1.75 100.24
2.50 1.75 114.80
2.75 1.75 114.45
3.00 1.75 114.11
3.25 1.75 113.76
3.50 1.75 115.38
3.75 1.75 122.29
4.00 1.75 132.82
4.25 1.75 143.35
4.50 1.75 153.88
4.75 1.75 156.57
5.00 1.75 159.27
5.25 1.75 161.96
5.50 1.75 186.21
5.75 1.75 205.16
6.00 1.75 339.16
6.25 1.75 473.15
6.50 1.75 607.15
6.75 1.75 536.94
7.00 1.75 466.72
7.25 1.75 396.51
7.50 1.75 387.81
0.50 2.00 83.31
0.75 2.00 78.69
1.00 2.00 74.07
1.25 2.00 72.08
1.50 2.00 70.07
1.75 2.00 71.23
2.00 2.00 72.38
2.25 2.00 86.95
2.50 2.00 101.51
2.75 2.00 101.16
3.00 2.00 100.81
3.25 2.00 102.44
3.50 2.00 104.06
3.75 2.00 110.97
4.00 2.00 117.88
4.25 2.00 128.41
4.50 2.00 138.94
4.75 2.00 141.63
5.00 2.00 144.32
5.25 2.00 168.57
5.50 2.00 192.82
5.75 2.00 211.77
6.00 2.00 230.73
6.25 2.00 364.72
6.50 2.00 498.72
6.75 2.00 428.50
7.00 2.00 358.29
7.25 2.00 349.59
7.50 2.00 340.89
0.50 2.25 80.81
0.75 2.25 76.19
1.00 2.25 74.19
1.25 2.25 72.19
1.50 2.25 70.19
1.75 2.25 71.34
2.00 2.25 72.50
2.25 2.25 73.65
2.50 2.25 88.22
2.75 2.25 87.86
3.00 2.25 89.49
3.25 2.25 91.12
3.50 2.25 92.74
3.75 2.25 99.65
4.00 2.25 106.56
4.25 2.25 113.46
4.50 2.25 123.99
4.75 2.25 126.69
5.00 2.25 150.94
5.25 2.25 175.19
5.50 2.25 199.44
5.75 2.25 218.39
6.00 2.25 237.34
6.25 2.25 256.29
6.50 2.25 390.28
6.75 2.25 320.07
7.00 2.25 311.37
7.25 2.25 302.67
7.50 2.25 293.97
0.50 2.50 78.30
0.75 2.50 76.30
1.00 2.50 74.30
1.25 2.50 72.30
1.50 2.50 70.30
1.75 2.50 71.45
2.00 2.50 72.61
2.25 2.50 73.77
2.50 2.50 74.92
2.75 2.50 76.55
3.00 2.50 78.17
3.25 2.50 79.80
3.50 2.50 81.42
3.75 2.50 88.33
4.00 2.50 95.23
4.25 2.50 102.14
4.50 2.50 109.05
4.75 2.50 133.30
5.00 2.50 157.55
5.25 2.50 181.80
5.50 2.50 206.05
5.75 2.50 225.00
6.00 2.50 243.95
6.25 2.50 262.90
6.50 2.50 281.85
6.75 2.50 273.15
7.00 2.50 264.45
7.25 2.50 255.75
7.50 2.50 247.05
0.50 2.75 76.86
0.75 2.75 77.50
1.00 2.75 75.50
1.25 2.75 73.50
1.50 2.75 71.50
1.75 2.75 72.66
2.00 2.75 73.81
2.25 2.75 74.97
2.50 2.75 74.93
2.75 2.75 76.03
3.00 2.75 77.65
3.25 2.75 79.28
3.50 2.75 80.90
3.75 2.75 87.81
4.00 2.75 94.72
4.25 2.75 101.62
4.50 2.75 110.40
4.75 2.75 114.39
5.00 2.75 138.64
5.25 2.75 162.90
5.50 2.75 187.15
5.75 2.75 243.02
6.00 2.75 261.97
6.25 2.75 280.92
6.50 2.75 299.87
6.75 2.75 291.17
7.00 2.75 282.47
7.25 2.75 273.77
7.50 2.75 262.96
0.50 3.00 75.41
0.75 3.00 76.06
1.00 3.00 76.70
1.25 3.00 74.70
1.50 3.00 72.70
1.75 3.00 73.86
2.00 3.00 75.01
2.25 3.00 74.98
2.50 3.00 74.94
2.75 3.00 76.04
3.00 3.00 77.13
3.25 3.00 78.76
3.50 3.00 80.38
3.75 3.00 87.29
4.00 3.00 94.20
4.25 3.00 102.97
4.50 3.00 111.75
4.75 3.00 115.74
5.00 3.00 119.74
5.25 3.00 143.99
5.50 3.00 168.24
5.75 3.00 224.12
6.00 3.00 279.99
6.25 3.00 298.94
6.50 3.00 317.89
6.75 3.00 309.19
7.00 3.00 300.49
7.25 3.00 289.68
7.50 3.00 278.88
0.50 3.25 73.97
0.75 3.25 74.61
1.00 3.25 75.26
1.25 3.25 75.90
1.50 3.25 73.90
1.75 3.25 75.05
2.00 3.25 75.02
2.25 3.25 74.99
2.50 3.25 74.96
2.75 3.25 76.05
3.00 3.25 77.15
3.25 3.25 78.24
3.50 3.25 79.87
3.75 3.25 86.77
4.00 3.25 95.55
4.25 3.25 104.32
4.50 3.25 113.10
4.75 3.25 117.09
5.00 3.25 121.09
5.25 3.25 125.09
5.50 3.25 149.34
5.75 3.25 205.21
6.00 3.25 261.08
6.25 3.25 316.96
6.50 3.25 335.91
6.75 3.25 327.21
7.00 3.25 316.40
7.25 3.25 305.60
7.50 3.25 294.79
0.50 3.50 72.53
0.75 3.50 73.17
1.00 3.50 73.81
1.25 3.50 74.46
1.50 3.50 75.10
1.75 3.50 75.07
2.00 3.50 75.03
2.25 3.50 75.00
2.50 3.50 74.97
2.75 3.50 76.06
3.00 3.50 77.16
3.25 3.50 78.25
3.50 3.50 79.35
3.75 3.50 88.12
4.00 3.50 96.90
4.25 3.50 105.68
4.50 3.50 114.45
4.75 3.50 118.45
5.00 3.50 122.44
5.25 3.50 126.44
5.50 3.50 130.43
5.75 3.50 186.31
6.00 3.50 242.18
6.25 3.50 298.06
6.50 3.50 353.93
6.75 3.50 343.12
7.00 3.50 332.31
7.25 3.50 321.51
7.50 3.50 310.70
