0.50 0.50 96.66
0.75 0.50 114.18
1.00 0.50 131.70
1.25 0.50 149.23
1.50 0.50 166.75
1.75 0.50 136.41
2.00 0.50 106.08
2.25 0.50 75.75
2.50 0.50 45.41
2.75 0.50 61.41
3.00 0.50 77.41
3.25 0.50 93.40
3.50 0.50 109.40
3.75 0.50 94.93
4.00 0.50 80.45
4.25 0.50 65.98
4.50 0.50 51.51
4.75 0.50 98.31
5.00 0.50 145.10
5.25 0.50 191.89
5.50 0.50 238.69
5.75 0.50 336.29
6.00 0.50 433.90
6.25 0.50 531.50
6.50 0.50 629.11
6.75 0.50 625.18
7.00 0.50 621.25
7.25 0.50 617.33
7.50 0.50 613.40
0.50 0.75 86.33
0.75 0.75 79.58
1.00 0.75 97.10
1.25 0.75 114.62
1.50 0.75 132.15
1.75 0.75 101.81
2.00 0.75 71.48
2.25 0.75 41.14
2.50 0.75 60.28
2.75 0.75 67.29
3.00 0.75 83.29
3.25 0.75 99.28
3.50 0.75 115.28
3.75 0.75 100.81
4.00 0.75 86.34
4.25 0.75 71.87
4.50 0.75 103.09
4.75 0.75 85.48
5.00 0.75 132.28
5.25 0.75 179.07
5.50 0.75 225.87
5.75 0.75 323.47
6.00 0.75 421.08
6.25 0.75 518.68
6.50 0.75 661.40
6.75 0.75 581.97
7.00 0.75 578.04
7.25 0.75 574.12
7.50 0.75 570.19
0.50 1.00 76.00
0.75 1.00 69.25
1.00 1.00 62.50
1.25 1.00 80.02
1.50 1.00 97.55
1.75 1.00 67.21
2.00 1.00 36.88
2.25 1.00 56.02
2.50 1.00 75.16
2.75 1.00 82.16
3.00 1.00 89.17
3.25 1.00 105.17
3.50 1.00 121.17
3.75 1.00 106.69
4.00 1.00 92.22
4.25 1.00 123.44
4.50 1.00 154.67
4.75 1.00 137.06
5.00 1.00 119.45
5.25 1.00 166.25
5.50 1.00 213.05
5.75 1.00 310.65
6.00 1.00 408.25
6.25 1.00 550.97
6.50 1.00 693.69
6.75 1.00 614.26
7.00 1.00 534.84
7.25 1.00 530.91
7.50 1.00 526.98
0.50 1.25 65.66
0.75 1.25 58.91
1.00 1.25 52.17
1.25 1.25 45.42
1.50 1.25 62.94
1.75 1.25 32.61
2.00 1.25 51.75
2.25 1.25 70.89
2.50 1.25 90.03
2.75 1.25 97.03
3.00 1.25 104.04
3.25 1.25 111.05
3.50 1.25 127.05
3.75 1.25 112.58
4.00 1.25 143.80
4.25 1.25 175.02
4.50 1.25 206.25
4.75 1.25 188.64
5.00 1.25 171.03
5.25 1.25 153.43
5.50 1.25 200.22
5.75 1.25 297.83
6.00 1.25 440.55
6.25 1.25 583.26
6.50 1.25 725.98
6.75 1.25 646.55
7.00 1.25 567.12
7.25 1.25 487.70
7.50 1.25 483.77
0.50 1.50 55.33
0.75 1.50 48.58
1.00 1.50 41.84
1.25 1.50 35.09
1.50 1.50 28.34
1.75 1.50 47.48
2.00 1.50 66.62
2.25 1.50 85.76
2.50 1.50 104.90
2.75 1.50 111.91
3.00 1.50 118.92
3.25 1.50 125.92
3.50 1.50 132.93
3.75 1.50 164.16
4.00 1.50 195.38
4.25 1.50 226.61
4.50 1.50 257.83
4.75 1.50 240.22
5.00 1.50 222.62
5.25 1.50 205.01
5.50 1.50 187.40
5.75 1.50 330.12
6.00 1.50 472.83
6.25 1.50 615.55
6.50 1.50 758.27
6.75 1.50 678.84
7.00 1.50 599.41
7.25 1.50 519.99
7.50 1.50 440.56
0.50 1.75 53.39
0.75 1.75 46.64
1.00 1.75 39.90
1.25 1.75 33.15
1.50 1.75 28.37
1.75 1.75 28.84
2.00 1.75 47.98
2.25 1.75 67.12
2.50 1.75 86.27
2.75 1.75 93.27
3.00 1.75 100.28
3.25 1.75 107.29
3.50 1.75 116.13
3.75 1.75 122.67
4.00 1.75 153.89
4.25 1.75 185.12
4.50 1.75 216.34
4.75 1.75 198.74
5.00 1.75 181.13
5.25 1.75 163.52
5.50 1.75 194.68
5.75 1.75 261.10
6.00 1.75 403.82
6.25 1.75 546.54
6.50 1.75 689.25
6.75 1.75 609.83
7.00 1.75 530.40
7.25 1.75 450.97
7.50 1.75 422.77
0.50 2.00 51.45
0.75 2.00 44.71
1.00 2.00 37.96
1.25 2.00 33.18
1.50 2.00 28.39
1.75 2.00 28.87
2.00 2.00 29.35
2.25 2.00 48.49
2.50 2.00 67.63
2.75 2.00 74.64
3.00 2.00 81.65
3.25 2.00 90.49
3.50 2.00 99.33
3.75 2.00 105.87
4.00 2.00 112.41
4.25 2.00 143.63
4.50 2.00 174.86
4.75 2.00 157.25
5.00 2.00 139.65
5.25 2.00 170.80
5.50 2.00 201.95
5.75 2.00 268.38
6.00 2.00 334.81
6.25 2.00 477.52
6.50 2.00 620.24
6.75 2.00 540.81
7.00 2.00 461.38
7.25 2.00 433.18
7.50 2.00 404.98
0.50 2.25 49.52
0.75 2.25 42.77
1.00 2.25 37.99
1.25 2.25 33.20
1.50 2.25 28.42
1.75 2.25 28.90
2.00 2.25 29.38
2.25 2.25 29.86
2.50 2.25 49.00
2.75 2.25 56.00
3.00 2.25 64.84
3.25 2.25 73.69
3.50 2.25 82.53
3.75 2.25 89.07
4.00 2.25 95.61
4.25 2.25 102.15
4.50 2.25 133.38
4.75 2.25 115.77
5.00 2.25 146.92
5.25 2.25 178.08
5.50 2.25 209.23
5.75 2.25 275.66
6.00 2.25 342.08
6.25 2.25 408.51
6.50 2.25 551.22
6.75 2.25 471.80
7.00 2.25 443.59
7.25 2.25 415.39
7.50 2.25 387.18
0.50 2.50 47.58
0.75 2.50 42.80
1.00 2.50 38.02
1.25 2.50 33.23
1.50 2.50 28.45
1.75 2.50 28.93
2.00 2.50 29.41
2.25 2.50 29.88
2.50 2.50 30.36
2.75 2.50 39.20
3.00 2.50 48.05
3.25 2.50 56.89
3.50 2.50 65.73
3.75 2.50 72.27
4.00 2.50 78.81
4.25 2.50 85.35
4.50 2.50 91.89
4.75 2.50 123.05
5.00 2.50 154.20
5.25 2.50 185.35
5.50 2.50 216.51
5.75 2.50 282.94
6.00 2.50 349.36
6.25 2.50 415.78
6.50 2.50 482.21
6.75 2.50 454.00
7.00 2.50 425.80
7.25 2.50 397.60
7.50 2.50 369.39
0.50 2.75 46.78
0.75 2.75 59.38
1.00 2.75 54.60
1.25 2.75 49.82
1.50 2.75 45.03
1.75 2.75 45.51
2.00 2.75 45.99
2.25 2.75 46.47
2.50 2.75 41.99
2.75 2.75 34.95
3.00 2.75 43.79
3.25 2.75 52.63
3.50 2.75 61.48
3.75 2.75 68.02
4.00 2.75 74.56
4.25 2.75 81.09
4.50 2.75 98.10
4.75 2.75 110.91
5.00 2.75 142.07
5.25 2.75 173.22
5.50 2.75 204.38
5.75 2.75 316.97
6.00 2.75 383.40
6.25 2.75 449.82
6.50 2.75 516.25
6.75 2.75 488.04
7.00 2.75 459.84
7.25 2.75 431.63
7.50 2.75 389.90
0.50 3.00 45.98
0.75 3.00 58.58
1.00 3.00 71.18
1.25 3.00 66.40
1.50 3.00 61.62
1.75 3.00 62.09
2.00 3.00 62.57
2.25 3.00 58.09
2.50 3.00 53.62
2.75 3.00 46.58
3.00 3.00 39.53
3.25 3.00 48.38
3.50 3.00 57.22
3.75 3.00 63.76
4.00 3.00 70.30
4.25 3.00 87.31
4.50 3.00 104.31
4.75 3.00 117.12
5.00 3.00 129.94
5.25 3.00 161.09
5.50 3.00 192.25
5.75 3.00 304.84
6.00 3.00 417.44
6.25 3.00 483.86
6.50 3.00 550.28
6.75 3.00 522.08
7.00 3.00 493.88
7.25 3.00 452.14
7.50 3.00 410.41
0.50 3.25 45.18
0.75 3.25 57.78
1.00 3.25 70.38
1.25 3.25 82.98
1.50 3.25 78.20
1.75 3.25 78.68
2.00 3.25 74.20
2.25 3.25 69.72
2.50 3.25 65.24
2.75 3.25 58.20
3.00 3.25 51.16
3.25 3.25 44.12
3.50 3.25 52.97
3.75 3.25 59.50
4.00 3.25 76.51
4.25 3.25 93.52
4.50 3.25 110.53
4.75 3.25 123.34
5.00 3.25 136.15
5.25 3.25 148.96
5.50 3.25 180.11
5.75 3.25 292.71
6.00 3.25 405.30
6.25 3.25 517.90
6.50 3.25 584.32
6.75 3.25 556.12
7.00 3.25 514.38
7.25 3.25 472.65
7.50 3.25 430.92
0.50 3.50 44.38
0.75 3.50 56.98
1.00 3.50 69.58
1.25 3.50 82.18
1.50 3.50 94.78
1.75 3.50 90.30
2.00 3.50 85.83
2.25 3.50 81.35
2.50 3.50 76.87
2.75 3.50 69.83
3.00 3.50 62.79
3.25 3.50 55.75
3.50 3.50 48.71
3.75 3.50 65.72
4.00 3.50 82.72
4.25 3.50 99.73
4.50 3.50 116.74
4.75 3.50 129.55
5.00 3.50 142.36
5.25 3.50 155.17
5.50 3.50 167.98
5.75 3.50 280.57
6.00 3.50 393.17
6.25 3.50 505.76
6.50 3.50 618.36
6.75 3.50 576.63
7.00 3.50 534.89
7.25 3.50 493.16
7.50 3.50 451.43
