0.50 0.50 12.87
0.75 0.50 12.15
1.00 0.50 11.43
1.25 0.50 10.72
1.50 0.50 10.00
1.75 0.50 10.47
2.00 0.50 10.93
2.25 0.50 11.40
2.50 0.50 11.87
2.75 0.50 37.10
3.00 0.50 62.34
3.25 0.50 87.57
3.50 0.50 112.80
3.75 0.50 117.08
4.00 0.50 121.37
4.25 0.50 125.65
4.50 0.50 129.93
4.75 0.50 152.96
5.00 0.50 175.98
5.25 0.50 199.00
5.50 0.50 222.03
5.75 0.50 225.42
6.00 0.50 228.81
6.25 0.50 232.21
6.50 0.50 235.60
6.75 0.50 252.78
7.00 0.50 269.96
7.25 0.50 287.15
7.50 0.50 304.33
0.50 0.75 12.65
0.75 0.75 12.15
1.00 0.75 11.43
1.25 0.75 10.72
1.50 0.75 10.00
1.75 0.75 10.47
2.00 0.75 10.93
2.25 0.75 11.40
2.50 0.75 12.40
2.75 0.75 32.48
3.00 0.75 57.72
3.25 0.75 82.95
3.50 0.75 108.18
3.75 0.75 112.47
4.00 0.75 116.75
4.25 0.75 121.03
4.50 0.75 133.50
4.75 0.75 145.50
5.00 0.75 168.53
5.25 0.75 191.55
5.50 0.75 214.58
5.75 0.75 217.97
6.00 0.75 221.36
6.25 0.75 224.75
6.50 0.75 235.06
6.75 0.75 249.52
7.00 0.75 266.70
7.25 0.75 283.88
7.50 0.75 301.06
0.50 1.00 12.43
0.75 1.00 11.93
1.00 1.00 11.43
1.25 1.00 10.72
1.50 1.00 10.00
1.75 1.00 10.47
2.00 1.00 10.93
2.25 1.00 11.93
2.50 1.00 12.93
2.75 1.00 33.02
3.00 1.00 53.10
3.25 1.00 78.33
3.50 1.00 103.56
3.75 1.00 107.85
4.00 1.00 112.13
4.25 1.00 124.60
4.50 1.00 137.06
4.75 1.00 149.07
5.00 1.00 161.07
5.25 1.00 184.10
5.50 1.00 207.12
5.75 1.00 210.52
6.00 1.00 213.91
6.25 1.00 224.21
6.50 1.00 234.51
6.75 1.00 248.98
7.00 1.00 263.44
7.25 1.00 280.62
7.50 1.00 297.80
0.50 1.25 12.22
0.75 1.25 11.72
1.00 1.25 11.22
1.25 1.25 10.72
1.50 1.25 10.00
1.75 1.25 10.47
2.00 1.25 11.47
2.25 1.25 12.47
2.50 1.25 13.47
2.75 1.25 33.55
3.00 1.25 53.63
3.25 1.25 73.72
3.50 1.25 98.95
3.75 1.25 103.23
4.00 1.25 115.70
4.25 1.25 128.16
4.50 1.25 140.63
4.75 1.25 152.64
5.00 1.25 164.64
5.25 1.25 176.65
5.50 1.25 199.67
5.75 1.25 203.06
6.00 1.25 213.37
6.25 1.25 223.67
6.50 1.25 233.97
6.75 1.25 248.43
7.00 1.25 262.89
7.25 1.25 277.35
7.50 1.25 294.53
0.50 1.50 12.00
0.75 1.50 11.50
1.00 1.50 11.00
1.25 1.50 10.50
1.50 1.50 10.00
1.75 1.50 11.00
2.00 1.50 12.00
2.25 1.50 13.00
2.50 1.50 14.00
2.75 1.50 34.08
3.00 1.50 54.16
3.25 1.50 74.25
3.50 1.50 94.33
3.75 1.50 106.80
4.00 1.50 119.26
4.25 1.50 131.73
4.50 1.50 144.20
4.75 1.50 156.20
5.00 1.50 168.21
5.25 1.50 180.21
5.50 1.50 192.22
5.75 1.50 202.52
6.00 1.50 212.82
6.25 1.50 223.13
6.50 1.50 233.43
6.75 1.50 247.89
7.00 1.50 262.35
7.25 1.50 276.81
7.50 1.50 291.27
0.50 1.75 11.50
0.75 1.75 11.00
1.00 1.75 10.50
1.25 1.75 10.00
1.50 1.75 10.00
1.75 1.75 12.47
2.00 1.75 13.47
2.25 1.75 14.47
2.50 1.75 15.47
2.75 1.75 35.55
3.00 1.75 55.63
3.25 1.75 75.72
3.50 1.75 88.97
3.75 1.75 110.21
4.00 1.75 122.67
4.25 1.75 135.14
4.50 1.75 147.61
4.75 1.75 159.61
5.00 1.75 171.62
5.25 1.75 183.62
5.50 1.75 187.00
5.75 1.75 206.33
6.00 1.75 216.63
6.25 1.75 226.94
6.50 1.75 237.24
6.75 1.75 251.70
7.00 1.75 266.16
7.25 1.75 280.62
7.50 1.75 288.23
0.50 2.00 11.00
0.75 2.00 10.50
1.00 2.00 10.00
1.25 2.00 10.00
1.50 2.00 10.00
1.75 2.00 12.47
2.00 2.00 14.94
2.25 2.00 15.94
2.50 2.00 16.94
2.75 2.00 37.02
3.00 2.00 57.10
3.25 2.00 70.36
3.50 2.00 83.62
3.75 2.00 104.85
4.00 2.00 126.08
4.25 2.00 138.55
4.50 2.00 151.01
4.75 2.00 163.02
5.00 2.00 175.03
5.25 2.00 178.40
5.50 2.00 181.78
5.75 2.00 201.11
6.00 2.00 220.44
6.25 2.00 230.75
6.50 2.00 241.05
6.75 2.00 255.51
7.00 2.00 269.97
7.25 2.00 277.58
7.50 2.00 285.19
0.50 2.25 10.50
0.75 2.25 10.00
1.00 2.25 10.00
1.25 2.25 10.00
1.50 2.25 10.00
1.75 2.25 12.47
2.00 2.25 14.94
2.25 2.25 17.40
2.50 2.25 18.40
2.75 2.25 38.48
3.00 2.25 51.74
3.25 2.25 65.00
3.50 2.25 78.26
3.75 2.25 99.49
4.00 2.25 120.72
4.25 2.25 141.96
4.50 2.25 154.42
4.75 2.25 166.43
5.00 2.25 169.80
5.25 2.25 173.18
5.50 2.25 176.55
5.75 2.25 195.89
6.00 2.25 215.22
6.25 2.25 234.56
6.50 2.25 244.86
6.75 2.25 259.32
7.00 2.25 266.93
7.25 2.25 274.53
7.50 2.25 282.14
0.50 2.50 10.00
0.75 2.50 10.00
1.00 2.50 10.00
1.25 2.50 10.00
1.50 2.50 10.00
1.75 2.50 12.47
2.00 2.50 14.94
2.25 2.50 17.40
2.50 2.50 19.87
2.75 2.50 33.13
3.00 2.50 46.39
3.25 2.50 59.64
3.50 2.50 72.90
3.75 2.50 94.13
4.00 2.50 115.37
4.25 2.50 136.60
4.50 2.50 157.83
4.75 2.50 161.21
5.00 2.50 164.58
5.25 2.50 167.96
5.50 2.50 171.33
5.75 2.50 190.66
6.00 2.50 210.00
6.25 2.50 229.34
6.50 2.50 248.67
6.75 2.50 256.28
7.00 2.50 263.88
7.25 2.50 271.49
7.50 2.50 279.10
0.50 2.75 9.71
0.75 2.75 9.50
1.00 2.75 9.50
1.25 2.75 9.50
1.50 2.75 9.50
1.75 2.75 11.97
2.00 2.75 14.44
2.25 2.75 16.90
2.50 2.75 21.63
2.75 2.75 25.95
3.00 2.75 39.20
3.25 2.75 52.46
3.50 2.75 65.72
3.75 2.75 86.95
4.00 2.75 108.18
4.25 2.75 129.41
4.50 2.75 157.62
4.75 2.75 159.16
5.00 2.75 162.53
5.25 2.75 165.91
5.50 2.75 169.28
5.75 2.75 195.75
6.00 2.75 215.08
6.25 2.75 234.42
6.50 2.75 253.75
6.75 2.75 261.36
7.00 2.75 268.97
7.25 2.75 276.58
7.50 2.75 279.58
0.50 3.00 9.41
0.75 3.00 9.21
1.00 3.00 9.00
1.25 3.00 9.00
1.50 3.00 9.00
1.75 3.00 11.47
2.00 3.00 13.94
2.25 3.00 18.67
2.50 3.00 23.40
2.75 3.00 27.71
3.00 3.00 32.02
3.25 3.00 45.28
3.50 3.00 58.54
3.75 3.00 79.77
4.00 3.00 101.00
4.25 3.00 129.21
4.50 3.00 157.42
4.75 3.00 158.95
5.00 3.00 160.48
5.25 3.00 163.86
5.50 3.00 167.23
5.75 3.00 193.70
6.00 3.00 220.17
6.25 3.00 239.50
6.50 3.00 258.83
6.75 3.00 266.44
7.00 3.00 274.05
7.25 3.00 277.05
7.50 3.00 280.05
0.50 3.25 9.12
0.75 3.25 8.91
1.00 3.25 8.71
1.25 3.25 8.50
1.50 3.25 8.50
1.75 3.25 10.97
2.00 3.25 15.70
2.25 3.25 20.43
2.50 3.25 25.16
2.75 3.25 29.48
3.00 3.25 33.79
3.25 3.25 38.09
3.50 3.25 51.35
3.75 3.25 72.59
4.00 3.25 100.79
4.25 3.25 129.00
4.50 3.25 157.21
4.75 3.25 158.74
5.00 3.25 160.27
5.25 3.25 161.81
5.50 3.25 165.18
5.75 3.25 191.65
6.00 3.25 218.12
6.25 3.25 244.58
6.50 3.25 263.92
6.75 3.25 271.52
7.00 3.25 274.52
7.25 3.25 277.52
7.50 3.25 280.52
0.50 3.50 8.83
0.75 3.50 8.62
1.00 3.50 8.41
1.25 3.50 8.21
1.50 3.50 8.00
1.75 3.50 12.73
2.00 3.50 17.46
2.25 3.50 22.20
2.50 3.50 26.93
2.75 3.50 31.24
3.00 3.50 35.55
3.25 3.50 39.86
3.50 3.50 44.17
3.75 3.50 72.38
4.00 3.50 100.59
4.25 3.50 128.79
4.50 3.50 157.00
4.75 3.50 158.53
5.00 3.50 160.06
5.25 3.50 161.60
5.50 3.50 163.13
5.75 3.50 189.60
6.00 3.50 216.06
6.25 3.50 242.53
6.50 3.50 269.00
6.75 3.50 272.00
7.00 3.50 275.00
7.25 3.50 278.00
7.50 3.50 281.00
