0.50 0.50 6.72
0.75 0.50 6.31
1.00 0.50 5.90
1.25 0.50 5.50
1.50 0.50 5.09
1.75 0.50 5.43
2.00 0.50 5.77
2.25 0.50 6.10
2.50 0.50 6.44
2.75 0.50 21.74
3.00 0.50 37.03
3.25 0.50 52.33
3.50 0.50 67.63
3.75 0.50 68.04
4.00 0.50 68.44
4.25 0.50 68.85
4.50 0.50 69.26
4.75 0.50 81.48
5.00 0.50 93.69
5.25 0.50 105.91
5.50 0.50 118.12
5.75 0.50 118.79
6.00 0.50 119.46
6.25 0.50 120.13
6.50 0.50 120.80
6.75 0.50 133.97
7.00 0.50 147.13
7.25 0.50 160.29
7.50 0.50 173.46
0.50 0.75 6.56
0.75 0.75 6.31
1.00 0.75 5.90
1.25 0.75 5.50
1.50 0.75 5.09
1.75 0.75 5.43
2.00 0.75 5.76
2.25 0.75 6.10
2.50 0.75 6.61
2.75 0.75 19.27
3.00 0.75 34.57
3.25 0.75 49.87
3.50 0.75 65.17
3.75 0.75 65.58
4.00 0.75 65.98
4.25 0.75 66.39
4.50 0.75 71.77
4.75 0.75 83.67
5.00 0.75 95.89
5.25 0.75 108.10
5.50 0.75 120.32
5.75 0.75 120.99
6.00 0.75 121.66
6.25 0.75 122.33
6.50 0.75 121.06
6.75 0.75 133.38
7.00 0.75 146.54
7.25 0.75 159.71
7.50 0.75 172.87
0.50 1.00 6.41
0.75 1.00 6.16
1.00 1.00 5.90
1.25 1.00 5.50
1.50 1.00 5.09
1.75 1.00 5.43
2.00 1.00 5.77
2.25 1.00 6.27
2.50 1.00 6.78
2.75 1.00 19.45
3.00 1.00 32.11
3.25 1.00 47.41
3.50 1.00 62.70
3.75 1.00 63.11
4.00 1.00 63.52
4.25 1.00 68.90
4.50 1.00 74.28
4.75 1.00 86.19
5.00 1.00 98.09
5.25 1.00 110.30
5.50 1.00 122.52
5.75 1.00 123.19
6.00 1.00 123.85
6.25 1.00 122.59
6.50 1.00 121.33
6.75 1.00 133.64
7.00 1.00 145.96
7.25 1.00 159.12
7.50 1.00 172.29
0.50 1.25 6.25
0.75 1.25 6.00
1.00 1.25 5.75
1.25 1.25 5.50
1.50 1.25 5.09
1.75 1.25 5.43
2.00 1.25 5.94
2.25 1.25 6.44
2.50 1.25 6.95
2.75 1.25 19.61
3.00 1.25 32.28
3.25 1.25 44.95
3.50 1.25 60.24
3.75 1.25 60.65
4.00 1.25 66.03
4.25 1.25 71.42
4.50 1.25 76.80
4.75 1.25 88.70
5.00 1.25 100.60
5.25 1.25 112.50
5.50 1.25 124.71
5.75 1.25 125.38
6.00 1.25 124.12
6.25 1.25 122.86
6.50 1.25 121.59
6.75 1.25 133.91
7.00 1.25 146.22
7.25 1.25 158.53
7.50 1.25 171.70
0.50 1.50 6.10
0.75 1.50 5.85
1.00 1.50 5.59
1.25 1.50 5.34
1.50 1.50 5.09
1.75 1.50 5.60
2.00 1.50 6.11
2.25 1.50 6.61
2.50 1.50 7.12
2.75 1.50 19.79
3.00 1.50 32.45
3.25 1.50 45.12
3.50 1.50 57.78
3.75 1.50 63.16
4.00 1.50 68.55
4.25 1.50 73.93
4.50 1.50 79.31
4.75 1.50 91.21
5.00 1.50 103.11
5.25 1.50 115.01
5.50 1.50 126.91
5.75 1.50 125.65
6.00 1.50 124.38
6.25 1.50 123.12
6.50 1.50 121.86
6.75 1.50 134.17
7.00 1.50 146.49
7.25 1.50 158.80
7.50 1.50 171.11
0.50 1.75 5.85
0.75 1.75 5.59
1.00 1.75 5.34
1.25 1.75 5.09
1.50 1.75 5.09
1.75 1.75 6.46
2.00 1.75 6.97
2.25 1.75 7.48
2.50 1.75 7.98
2.75 1.75 20.65
3.00 1.75 33.32
3.25 1.75 45.98
3.50 1.75 53.47
3.75 1.75 63.74
4.00 1.75 69.12
4.25 1.75 74.51
4.50 1.75 79.89
4.75 1.75 91.79
5.00 1.75 103.69
5.25 1.75 115.59
5.50 1.75 119.67
5.75 1.75 131.11
6.00 1.75 129.85
6.25 1.75 128.59
6.50 1.75 127.32
6.75 1.75 139.64
7.00 1.75 151.95
7.25 1.75 164.26
7.50 1.75 163.84
0.50 2.00 5.59
0.75 2.00 5.34
1.00 2.00 5.09
1.25 2.00 5.09
1.50 2.00 5.09
1.75 2.00 6.46
2.00 2.00 7.83
2.25 2.00 8.34
2.50 2.00 8.85
2.75 2.00 21.52
3.00 2.00 34.18
3.25 2.00 41.67
3.50 2.00 49.15
3.75 2.00 59.43
4.00 2.00 69.70
4.25 2.00 75.09
4.50 2.00 80.47
4.75 2.00 92.37
5.00 2.00 104.27
5.25 2.00 108.35
5.50 2.00 112.42
5.75 2.00 123.87
6.00 2.00 135.31
6.25 2.00 134.05
6.50 2.00 132.78
6.75 2.00 145.10
7.00 2.00 157.41
7.25 2.00 156.99
7.50 2.00 156.56
0.50 2.25 5.34
0.75 2.25 5.09
1.00 2.25 5.09
1.25 2.25 5.09
1.50 2.25 5.09
1.75 2.25 6.46
2.00 2.25 7.83
2.25 2.25 9.21
2.50 2.25 9.71
2.75 2.25 22.38
3.00 2.25 29.87
3.25 2.25 37.35
3.50 2.25 44.84
3.75 2.25 55.11
4.00 2.25 65.39
4.25 2.25 75.67
4.50 2.25 81.05
4.75 2.25 92.95
5.00 2.25 97.03
5.25 2.25 101.10
5.50 2.25 105.18
5.75 2.25 116.62
6.00 2.25 128.07
6.25 2.25 139.51
6.50 2.25 138.25
6.75 2.25 150.56
7.00 2.25 150.13
7.25 2.25 149.71
7.50 2.25 149.28
0.50 2.50 5.09
0.75 2.50 5.09
1.00 2.50 5.09
1.25 2.50 5.09
1.50 2.50 5.09
1.75 2.50 6.46
2.00 2.50 7.83
2.25 2.50 9.21
2.50 2.50 10.58
2.75 2.50 18.07
3.00 2.50 25.55
3.25 2.50 33.04
3.50 2.50 40.52
3.75 2.50 50.80
4.00 2.50 61.08
4.25 2.50 71.35
4.50 2.50 81.63
4.75 2.50 85.71
5.00 2.50 89.78
5.25 2.50 93.86
5.50 2.50 97.94
5.75 2.50 109.38
6.00 2.50 120.83
6.25 2.50 132.27
6.50 2.50 143.71
6.75 2.50 143.28
7.00 2.50 142.86
7.25 2.50 142.44
7.50 2.50 142.01
0.50 2.75 5.00
0.75 2.75 4.83
1.00 2.75 4.83
1.25 2.75 4.83
1.50 2.75 4.83
1.75 2.75 6.21
2.00 2.75 7.58
2.25 2.75 8.95
2.50 2.75 11.77
2.75 2.75 14.28
3.00 2.75 21.77
3.25 2.75 29.25
3.50 2.75 36.74
3.75 2.75 47.02
4.00 2.75 57.29
4.25 2.75 67.57
4.50 2.75 81.19
4.75 2.75 82.04
5.00 2.75 86.12
5.25 2.75 90.20
5.50 2.75 94.28
5.75 2.75 112.69
6.00 2.75 124.14
6.25 2.75 135.58
6.50 2.75 147.02
6.75 2.75 146.60
7.00 2.75 146.17
7.25 2.75 145.75
7.50 2.75 142.24
0.50 3.00 4.90
0.75 3.00 4.74
1.00 3.00 4.58
1.25 3.00 4.58
1.50 3.00 4.58
1.75 3.00 5.95
2.00 3.00 7.33
2.25 3.00 10.14
2.50 3.00 12.95
2.75 3.00 15.47
3.00 3.00 17.98
3.25 3.00 25.47
3.50 3.00 32.95
3.75 3.00 43.23
4.00 3.00 53.51
4.25 3.00 67.13
4.50 3.00 80.75
4.75 3.00 81.60
5.00 3.00 82.45
5.25 3.00 86.53
5.50 3.00 90.61
5.75 3.00 109.03
6.00 3.00 127.45
6.25 3.00 138.89
6.50 3.00 150.34
6.75 3.00 149.91
7.00 3.00 149.49
7.25 3.00 145.98
7.50 3.00 142.47
0.50 3.25 4.81
0.75 3.25 4.65
1.00 3.25 4.49
1.25 3.25 4.33
1.50 3.25 4.33
1.75 3.25 5.70
2.00 3.25 8.51
2.25 3.25 11.32
2.50 3.25 14.13
2.75 3.25 16.65
3.00 3.25 19.17
3.25 3.25 21.69
3.50 3.25 29.17
3.75 3.25 39.45
4.00 3.25 53.07
4.25 3.25 66.69
4.50 3.25 80.30
4.75 3.25 81.16
5.00 3.25 82.01
5.25 3.25 82.87
5.50 3.25 86.94
5.75 3.25 105.36
6.00 3.25 123.79
6.25 3.25 142.20
6.50 3.25 153.65
6.75 3.25 153.22
7.00 3.25 149.72
7.25 3.25 146.21
7.50 3.25 142.70
0.50 3.50 4.72
0.75 3.50 4.56
1.00 3.50 4.39
1.25 3.50 4.23
1.50 3.50 4.07
1.75 3.50 6.88
2.00 3.50 9.70
2.25 3.50 12.51
2.50 3.50 15.32
2.75 3.50 17.84
3.00 3.50 20.36
3.25 3.50 22.87
3.50 3.50 25.39
3.75 3.50 39.01
4.00 3.50 52.62
4.25 3.50 66.24
4.50 3.50 79.86
4.75 3.50 80.72
5.00 3.50 81.57
5.25 3.50 82.42
5.50 3.50 83.28
5.75 3.50 101.70
6.00 3.50 120.12
6.25 3.50 138.54
6.50 3.50 156.96
6.75 3.50 153.45
7.00 3.50 149.94
7.25 3.50 146.44
7.50 3.50 142.93
