0.50 0.50 32.73
0.75 0.50 30.80
1.00 0.50 28.86
1.25 0.50 26.93
1.50 0.50 25.00
1.75 0.50 26.18
2.00 0.50 27.37
2.25 0.50 28.55
2.50 0.50 29.73
2.75 0.50 93.20
3.00 0.50 156.67
3.25 0.50 220.13
3.50 0.50 283.60
3.75 0.50 294.17
4.00 0.50 304.74
4.25 0.50 315.30
4.50 0.50 325.87
4.75 0.50 383.67
5.00 0.50 441.47
5.25 0.50 499.27
5.50 0.50 557.07
5.75 0.50 565.10
6.00 0.50 573.13
6.25 0.50 581.17
6.50 0.50 589.20
6.75 0.50 632.57
7.00 0.50 675.93
7.25 0.50 719.30
7.50 0.50 762.67
0.50 0.75 32.05
0.75 0.75 30.80
1.00 0.75 28.86
1.25 0.75 26.93
1.50 0.75 25.00
1.75 0.75 26.18
2.00 0.75 27.37
2.25 0.75 28.55
2.50 0.75 31.05
2.75 0.75 81.84
3.00 0.75 145.31
3.25 0.75 208.78
3.50 0.75 272.24
3.75 0.75 282.81
4.00 0.75 293.38
4.25 0.75 303.94
4.50 0.75 335.00
4.75 0.75 365.51
5.00 0.75 423.31
5.25 0.75 481.11
5.50 0.75 538.91
5.75 0.75 546.94
6.00 0.75 554.98
6.25 0.75 563.01
6.50 0.75 588.12
6.75 0.75 624.53
7.00 0.75 667.90
7.25 0.75 711.27
7.50 0.75 754.63
0.50 1.00 31.36
0.75 1.00 30.11
1.00 1.00 28.86
1.25 1.00 26.93
1.50 1.00 25.00
1.75 1.00 26.18
2.00 1.00 27.37
2.25 1.00 29.87
2.50 1.00 32.37
2.75 1.00 83.16
3.00 1.00 133.95
3.25 1.00 197.42
3.50 1.00 260.88
3.75 1.00 271.45
4.00 1.00 282.02
4.25 1.00 313.08
4.50 1.00 344.13
4.75 1.00 374.64
5.00 1.00 405.15
5.25 1.00 462.95
5.50 1.00 520.75
5.75 1.00 528.78
6.00 1.00 536.82
6.25 1.00 561.93
6.50 1.00 587.04
6.75 1.00 623.45
7.00 1.00 659.87
7.25 1.00 703.23
7.50 1.00 746.60
0.50 1.25 30.68
0.75 1.25 29.43
1.00 1.25 28.18
1.25 1.25 26.93
1.50 1.25 25.00
1.75 1.25 26.18
2.00 1.25 28.68
2.25 1.25 31.18
2.50 1.25 33.68
2.75 1.25 84.47
3.00 1.25 135.27
3.25 1.25 186.06
3.50 1.25 249.53
3.75 1.25 260.10
4.00 1.25 291.15
4.25 1.25 322.21
4.50 1.25 353.27
4.75 1.25 383.77
5.00 1.25 414.28
5.25 1.25 444.79
5.50 1.25 502.59
5.75 1.25 510.62
6.00 1.25 535.73
6.25 1.25 560.84
6.50 1.25 585.95
6.75 1.25 622.37
7.00 1.25 658.78
7.25 1.25 695.20
7.50 1.25 738.57
0.50 1.50 30.00
0.75 1.50 28.75
1.00 1.50 27.50
1.25 1.50 26.25
1.50 1.50 25.00
1.75 1.50 27.50
2.00 1.50 30.00
2.25 1.50 32.50
2.50 1.50 35.00
2.75 1.50 85.79
3.00 1.50 136.58
3.25 1.50 187.38
3.50 1.50 238.17
3.75 1.50 269.23
4.00 1.50 300.28
4.25 1.50 331.34
4.50 1.50 362.40
4.75 1.50 392.91
5.00 1.50 423.41
5.25 1.50 453.92
5.50 1.50 484.43
5.75 1.50 509.54
6.00 1.50 534.65
6.25 1.50 559.76
6.50 1.50 584.87
6.75 1.50 621.29
7.00 1.50 657.70
7.25 1.50 694.12
7.50 1.50 730.53
0.50 1.75 28.75
0.75 1.75 27.50
1.00 1.75 26.25
1.25 1.75 25.00
1.50 1.75 25.00
1.75 1.75 31.43
2.00 1.75 33.93
2.25 1.75 36.43
2.50 1.75 38.93
2.75 1.75 89.72
3.00 1.75 140.52
3.25 1.75 191.31
3.50 1.75 224.95
3.75 1.75 277.42
4.00 1.75 308.48
4.25 1.75 339.53
4.50 1.75 370.59
4.75 1.75 401.10
5.00 1.75 431.61
5.25 1.75 462.12
5.50 1.75 470.87
5.75 1.75 519.53
6.00 1.75 544.64
6.25 1.75 569.75
6.50 1.75 594.86
6.75 1.75 631.28
7.00 1.75 667.69
7.25 1.75 704.11
7.50 1.75 722.57
0.50 2.00 27.50
0.75 2.00 26.25
1.00 2.00 25.00
1.25 2.00 25.00
1.50 2.00 25.00
1.75 2.00 31.43
2.00 2.00 37.86
2.25 2.00 40.36
2.50 2.00 42.86
2.75 2.00 93.66
3.00 2.00 144.45
3.25 2.00 178.09
3.50 2.00 211.74
3.75 2.00 264.20
4.00 2.00 316.67
4.25 2.00 347.73
4.50 2.00 378.78
4.75 2.00 409.29
5.00 2.00 439.80
5.25 2.00 448.55
5.50 2.00 457.30
5.75 2.00 505.97
6.00 2.00 554.63
6.25 2.00 579.74
6.50 2.00 604.85
6.75 2.00 641.26
7.00 2.00 677.68
7.25 2.00 696.15
7.50 2.00 714.62
0.50 2.25 26.25
0.75 2.25 25.00
1.00 2.25 25.00
1.25 2.25 25.00
1.50 2.25 25.00
1.75 2.25 31.43
2.00 2.25 37.86
2.25 2.25 44.30
2.50 2.25 46.80
2.75 2.25 97.59
3.00 2.25 131.23
3.25 2.25 164.88
3.50 2.25 198.52
3.75 2.25 250.99
4.00 2.25 303.45
4.25 2.25 355.92
4.50 2.25 386.98
4.75 2.25 417.49
5.00 2.25 426.24
5.25 2.25 434.99
5.50 2.25 443.74
5.75 2.25 492.40
6.00 2.25 541.07
6.25 2.25 589.73
6.50 2.25 614.84
6.75 2.25 651.26
7.00 2.25 669.72
7.25 2.25 688.19
7.50 2.25 706.66
0.50 2.50 25.00
0.75 2.50 25.00
1.00 2.50 25.00
1.25 2.50 25.00
1.50 2.50 25.00
1.75 2.50 31.43
2.00 2.50 37.86
2.25 2.50 44.30
2.50 2.50 50.73
2.75 2.50 84.37
3.00 2.50 118.02
3.25 2.50 151.66
3.50 2.50 185.30
3.75 2.50 237.77
4.00 2.50 290.24
4.25 2.50 342.70
4.50 2.50 395.17
4.75 2.50 403.92
5.00 2.50 412.67
5.25 2.50 421.42
5.50 2.50 430.17
5.75 2.50 478.84
6.00 2.50 527.50
6.25 2.50 576.17
6.50 2.50 624.83
6.75 2.50 643.30
7.00 2.50 661.77
7.25 2.50 680.23
7.50 2.50 698.70
0.50 2.75 24.42
0.75 2.75 23.75
1.00 2.75 23.75
1.25 2.75 23.75
1.50 2.75 23.75
1.75 2.75 30.18
2.00 2.75 36.61
2.25 2.75 43.05
2.50 2.75 55.27
2.75 2.75 66.38
3.00 2.75 100.02
3.25 2.75 133.66
3.50 2.75 167.31
3.75 2.75 219.78
4.00 2.75 272.24
4.25 2.75 324.71
4.50 2.75 394.50
4.75 2.75 398.57
5.00 2.75 407.32
5.25 2.75 416.07
5.50 2.75 424.82
5.75 2.75 491.25
6.00 2.75 539.92
6.25 2.75 588.58
6.50 2.75 637.25
6.75 2.75 655.72
7.00 2.75 674.18
7.25 2.75 692.65
7.50 2.75 699.65
0.50 3.00 23.84
0.75 3.00 23.17
1.00 3.00 22.50
1.25 3.00 22.50
1.50 3.00 22.50
1.75 3.00 28.93
2.00 3.00 35.36
2.25 3.00 47.58
2.50 3.00 59.80
2.75 3.00 70.91
3.00 3.00 82.03
3.25 3.00 115.67
3.50 3.00 149.31
3.75 3.00 201.78
4.00 3.00 254.25
4.25 3.00 324.04
4.50 3.00 393.84
4.75 3.00 397.90
5.00 3.00 401.97
5.25 3.00 410.72
5.50 3.00 419.47
5.75 3.00 485.90
6.00 3.00 552.34
6.25 3.00 601.00
6.50 3.00 649.66
6.75 3.00 668.13
7.00 3.00 686.60
7.25 3.00 693.60
7.50 3.00 700.60
0.50 3.25 23.25
0.75 3.25 22.59
1.00 3.25 21.92
1.25 3.25 21.25
1.50 3.25 21.25
1.75 3.25 27.68
2.00 3.25 39.90
2.25 3.25 52.12
2.50 3.25 64.34
2.75 3.25 75.45
3.00 3.25 86.56
3.25 3.25 97.68
3.50 3.25 131.32
3.75 3.25 183.79
4.00 3.25 253.58
4.25 3.25 323.38
4.50 3.25 393.17
4.75 3.25 397.24
5.00 3.25 401.30
5.25 3.25 405.37
5.50 3.25 414.12
5.75 3.25 480.55
6.00 3.25 546.99
6.25 3.25 613.42
6.50 3.25 662.08
6.75 3.25 680.55
7.00 3.25 687.55
7.25 3.25 694.55
7.50 3.25 701.55
0.50 3.50 22.67
0.75 3.50 22.00
1.00 3.50 21.34
1.25 3.50 20.67
1.50 3.50 20.00
1.75 3.50 32.22
2.00 3.50 44.44
2.25 3.50 56.65
2.50 3.50 68.87
2.75 3.50 79.98
3.00 3.50 91.10
3.25 3.50 102.22
3.50 3.50 113.33
3.75 3.50 183.12
4.00 3.50 252.91
4.25 3.50 322.71
4.50 3.50 392.50
4.75 3.50 396.57
5.00 3.50 400.63
5.25 3.50 404.70
5.50 3.50 408.77
5.75 3.50 475.20
6.00 3.50 541.63
6.25 3.50 608.07
6.50 3.50 674.50
6.75 3.50 681.50
7.00 3.50 688.50
7.25 3.50 695.50
7.50 3.50 702.50
