0.50 0.50 13.43
0.75 0.50 11.32
1.00 0.50 9.21
1.25 0.50 7.11
1.50 0.50 5.00
1.75 0.50 6.73
2.00 0.50 8.46
2.25 0.50 10.20
2.50 0.50 11.93
2.75 0.50 37.55
3.00 0.50 63.17
3.25 0.50 88.78
3.50 0.50 114.40
3.75 0.50 118.54
4.00 0.50 122.69
4.25 0.50 126.83
4.50 0.50 130.97
4.75 0.50 182.48
5.00 0.50 234.00
5.25 0.50 285.51
5.50 0.50 337.02
5.75 0.50 311.71
6.00 0.50 286.41
6.25 0.50 261.11
6.50 0.50 235.80
6.75 0.50 253.39
7.00 0.50 270.99
7.25 0.50 288.58
7.50 0.50 306.17
0.50 0.75 11.57
0.75 0.75 11.32
1.00 0.75 9.21
1.25 0.75 7.11
1.50 0.75 5.00
1.75 0.75 6.73
2.00 0.75 8.46
2.25 0.75 10.20
2.50 0.75 10.70
2.75 0.75 33.12
3.00 0.75 58.73
3.25 0.75 84.35
3.50 0.75 109.97
3.75 0.75 114.11
4.00 0.75 118.25
4.25 0.75 122.39
4.50 0.75 134.75
4.75 0.75 122.25
5.00 0.75 173.77
5.25 0.75 225.28
5.50 0.75 276.79
5.75 0.75 251.49
6.00 0.75 226.18
6.25 0.75 200.88
6.50 0.75 235.53
6.75 0.75 250.26
7.00 0.75 267.85
7.25 0.75 285.44
7.50 0.75 303.03
0.50 1.00 9.71
0.75 1.00 9.46
1.00 1.00 9.21
1.25 1.00 7.11
1.50 1.00 5.00
1.75 1.00 6.73
2.00 1.00 8.46
2.25 1.00 8.96
2.50 1.00 9.46
2.75 1.00 31.88
3.00 1.00 54.30
3.25 1.00 79.92
3.50 1.00 105.53
3.75 1.00 109.68
4.00 1.00 113.82
4.25 1.00 126.18
4.50 1.00 138.53
4.75 1.00 126.04
5.00 1.00 113.54
5.25 1.00 165.05
5.50 1.00 216.56
5.75 1.00 191.26
6.00 1.00 165.96
6.25 1.00 200.61
6.50 1.00 235.26
6.75 1.00 249.99
7.00 1.00 264.72
7.25 1.00 282.31
7.50 1.00 299.90
0.50 1.25 7.86
0.75 1.25 7.61
1.00 1.25 7.36
1.25 1.25 7.11
1.50 1.25 5.00
1.75 1.25 6.73
2.00 1.25 7.23
2.25 1.25 7.73
2.50 1.25 8.23
2.75 1.25 30.65
3.00 1.25 53.07
3.25 1.25 75.48
3.50 1.25 101.10
3.75 1.25 105.25
4.00 1.25 117.60
4.25 1.25 129.96
4.50 1.25 142.32
4.75 1.25 129.82
5.00 1.25 117.32
5.25 1.25 104.82
5.50 1.25 156.34
5.75 1.25 131.03
6.00 1.25 165.69
6.25 1.25 200.34
6.50 1.25 234.99
6.75 1.25 249.72
7.00 1.25 264.44
7.25 1.25 279.17
7.50 1.25 296.76
0.50 1.50 6.00
0.75 1.50 5.75
1.00 1.50 5.50
1.25 1.50 5.25
1.50 1.50 5.00
1.75 1.50 5.50
2.00 1.50 6.00
2.25 1.50 6.50
2.50 1.50 7.00
2.75 1.50 29.42
3.00 1.50 51.84
3.25 1.50 74.25
3.50 1.50 96.67
3.75 1.50 109.03
4.00 1.50 121.38
4.25 1.50 133.74
4.50 1.50 146.10
4.75 1.50 133.60
5.00 1.50 121.10
5.25 1.50 108.61
5.50 1.50 96.11
5.75 1.50 130.76
6.00 1.50 165.41
6.25 1.50 200.07
6.50 1.50 234.72
6.75 1.50 249.45
7.00 1.50 264.18
7.25 1.50 278.90
7.50 1.50 293.63
0.50 1.75 5.75
0.75 1.75 5.50
1.00 1.75 5.25
1.25 1.75 5.00
1.50 1.75 5.00
1.75 1.75 8.98
2.00 1.75 9.48
2.25 1.75 9.98
2.50 1.75 10.48
2.75 1.75 32.90
3.00 1.75 55.32
3.25 1.75 77.73
3.50 1.75 91.49
3.75 1.75 112.11
4.00 1.75 124.47
4.25 1.75 136.82
4.50 1.75 149.18
4.75 1.75 136.68
5.00 1.75 124.19
5.25 1.75 111.69
5.50 1.75 115.38
5.75 1.75 135.04
6.00 1.75 169.69
6.25 1.75 204.34
6.50 1.75 239.00
6.75 1.75 253.73
7.00 1.75 268.45
7.25 1.75 283.18
7.50 1.75 290.24
0.50 2.00 5.50
0.75 2.00 5.25
1.00 2.00 5.00
1.25 2.00 5.00
1.50 2.00 5.00
1.75 2.00 8.98
2.00 2.00 12.96
2.25 2.00 13.46
2.50 2.00 13.96
2.75 2.00 36.38
3.00 2.00 58.80
3.25 2.00 72.56
3.50 2.00 86.31
3.75 2.00 106.93
4.00 2.00 127.54
4.25 2.00 139.90
4.50 2.00 152.26
4.75 2.00 139.76
5.00 2.00 127.26
5.25 2.00 130.95
5.50 2.00 134.64
5.75 2.00 154.31
6.00 2.00 173.97
6.25 2.00 208.62
6.50 2.00 243.28
6.75 2.00 258.00
7.00 2.00 272.73
7.25 2.00 279.79
7.50 2.00 286.84
0.50 2.25 5.25
0.75 2.25 5.00
1.00 2.25 5.00
1.25 2.25 5.00
1.50 2.25 5.00
1.75 2.25 8.98
2.00 2.25 12.96
2.25 2.25 16.95
2.50 2.25 17.45
2.75 2.25 39.87
3.00 2.25 53.62
3.25 2.25 67.38
3.50 2.25 81.13
3.75 2.25 101.75
4.00 2.25 122.36
4.25 2.25 142.98
4.50 2.25 155.34
4.75 2.25 142.84
5.00 2.25 146.53
5.25 2.25 150.22
5.50 2.25 153.91
5.75 2.25 173.57
6.00 2.25 193.23
6.25 2.25 212.90
6.50 2.25 247.55
6.75 2.25 262.28
7.00 2.25 269.33
7.25 2.25 276.39
7.50 2.25 283.45
0.50 2.50 5.00
0.75 2.50 5.00
1.00 2.50 5.00
1.25 2.50 5.00
1.50 2.50 5.00
1.75 2.50 8.98
2.00 2.50 12.96
2.25 2.50 16.95
2.50 2.50 20.93
2.75 2.50 34.69
3.00 2.50 48.44
3.25 2.50 62.20
3.50 2.50 75.95
3.75 2.50 96.57
4.00 2.50 117.19
4.25 2.50 137.80
4.50 2.50 158.42
4.75 2.50 162.11
5.00 2.50 165.79
5.25 2.50 169.48
5.50 2.50 173.17
5.75 2.50 192.84
6.00 2.50 212.50
6.25 2.50 232.16
6.50 2.50 251.83
6.75 2.50 258.88
7.00 2.50 265.94
7.25 2.50 273.00
7.50 2.50 280.05
0.50 2.75 6.11
0.75 2.75 4.75
1.00 2.75 4.75
1.25 2.75 4.75
1.50 2.75 4.75
1.75 2.75 8.73
2.00 2.75 12.71
2.25 2.75 16.70
2.50 2.75 22.81
2.75 2.75 27.47
3.00 2.75 41.22
3.25 2.75 54.98
3.50 2.75 68.73
3.75 2.75 89.35
4.00 2.75 109.97
4.25 2.75 130.59
4.50 2.75 138.44
4.75 2.75 159.83
5.00 2.75 163.52
5.25 2.75 167.21
5.50 2.75 170.89
5.75 2.75 197.63
6.00 2.75 217.29
6.25 2.75 236.96
6.50 2.75 256.62
6.75 2.75 263.68
7.00 2.75 270.73
7.25 2.75 277.79
7.50 2.75 245.16
0.50 3.00 7.21
0.75 3.00 5.86
1.00 3.00 4.50
1.25 3.00 4.50
1.50 3.00 4.50
1.75 3.00 8.48
2.00 3.00 12.46
2.25 3.00 18.58
2.50 3.00 24.70
2.75 3.00 29.35
3.00 3.00 34.00
3.25 3.00 47.76
3.50 3.00 61.52
3.75 3.00 82.13
4.00 3.00 102.75
4.25 3.00 110.60
4.50 3.00 118.46
4.75 3.00 139.85
5.00 3.00 161.25
5.25 3.00 164.93
5.50 3.00 168.62
5.75 3.00 195.35
6.00 3.00 222.08
6.25 3.00 241.75
6.50 3.00 261.42
6.75 3.00 268.47
7.00 3.00 275.52
7.25 3.00 242.90
7.50 3.00 210.28
0.50 3.25 8.31
0.75 3.25 6.96
1.00 3.25 5.61
1.25 3.25 4.25
1.50 3.25 4.25
1.75 3.25 8.23
2.00 3.25 14.35
2.25 3.25 20.47
2.50 3.25 26.59
2.75 3.25 31.24
3.00 3.25 35.89
3.25 3.25 40.54
3.50 3.25 54.30
3.75 3.25 74.91
4.00 3.25 82.77
4.25 3.25 90.62
4.50 3.25 98.48
4.75 3.25 119.87
5.00 3.25 141.26
5.25 3.25 162.66
5.50 3.25 166.34
5.75 3.25 193.08
6.00 3.25 219.81
6.25 3.25 246.54
6.50 3.25 266.21
6.75 3.25 273.26
7.00 3.25 240.64
7.25 3.25 208.01
7.50 3.25 175.39
0.50 3.50 9.42
0.75 3.50 8.06
1.00 3.50 6.71
1.25 3.50 5.36
1.50 3.50 4.00
1.75 3.50 10.12
2.00 3.50 16.23
2.25 3.50 22.35
2.50 3.50 28.47
2.75 3.50 33.12
3.00 3.50 37.77
3.25 3.50 42.43
3.50 3.50 47.08
3.75 3.50 54.94
4.00 3.50 62.79
4.25 3.50 70.64
4.50 3.50 78.50
4.75 3.50 99.89
5.00 3.50 121.28
5.25 3.50 142.68
5.50 3.50 164.07
5.75 3.50 190.80
6.00 3.50 217.53
6.25 3.50 244.27
6.50 3.50 271.00
6.75 3.50 238.38
7.00 3.50 205.75
7.25 3.50 173.12
7.50 3.50 140.50
