0.50 0.50 23.70
0.75 0.50 21.27
1.00 0.50 18.85
1.25 0.50 16.43
1.50 0.50 14.00
1.75 0.50 13.50
2.00 0.50 13.00
2.25 0.50 12.50
2.50 0.50 12.00
2.75 0.50 24.48
3.00 0.50 36.95
3.25 0.50 49.42
3.50 0.50 61.90
3.75 0.50 63.38
4.00 0.50 64.86
4.25 0.50 66.35
4.50 0.50 67.83
4.75 0.50 91.72
5.00 0.50 115.62
5.25 0.50 139.51
5.50 0.50 163.40
5.75 0.50 166.17
6.00 0.50 168.94
6.25 0.50 171.70
6.50 0.50 174.47
6.75 0.50 187.72
7.00 0.50 200.97
7.25 0.50 214.22
7.50 0.50 227.47
0.50 0.75 23.27
0.75 0.75 22.02
1.00 0.75 19.59
1.25 0.75 17.17
1.50 0.75 14.74
1.75 0.75 14.24
2.00 0.75 13.74
2.25 0.75 13.24
2.50 0.75 11.63
2.75 0.75 20.86
3.00 0.75 33.33
3.25 0.75 45.81
3.50 0.75 58.28
3.75 0.75 59.77
4.00 0.75 61.25
4.25 0.75 62.73
4.50 0.75 68.99
4.75 0.75 86.35
5.00 0.75 110.24
5.25 0.75 134.13
5.50 0.75 158.03
5.75 0.75 160.79
6.00 0.75 163.56
6.25 0.75 166.33
6.50 0.75 173.44
6.75 0.75 184.85
7.00 0.75 198.10
7.25 0.75 211.35
7.50 0.75 224.60
0.50 1.00 22.85
0.75 1.00 21.59
1.00 1.00 20.34
1.25 1.00 17.91
1.50 1.00 15.48
1.75 1.00 14.98
2.00 1.00 14.48
2.25 1.00 12.88
2.50 1.00 11.27
2.75 1.00 20.49
3.00 1.00 29.71
3.25 1.00 42.19
3.50 1.00 54.66
3.75 1.00 56.15
4.00 1.00 57.63
4.25 1.00 63.89
4.50 1.00 70.15
4.75 1.00 87.51
5.00 1.00 104.87
5.25 1.00 128.76
5.50 1.00 152.65
5.75 1.00 155.42
6.00 1.00 158.19
6.25 1.00 165.29
6.50 1.00 172.40
6.75 1.00 183.82
7.00 1.00 195.24
7.25 1.00 208.49
7.50 1.00 221.74
0.50 1.25 22.43
0.75 1.25 21.17
1.00 1.25 19.91
1.25 1.25 18.65
1.50 1.25 16.23
1.75 1.25 15.73
2.00 1.25 14.12
2.25 1.25 12.51
2.50 1.25 10.90
2.75 1.25 20.12
3.00 1.25 29.35
3.25 1.25 38.57
3.50 1.25 51.05
3.75 1.25 52.53
4.00 1.25 58.79
4.25 1.25 65.05
4.50 1.25 71.31
4.75 1.25 88.67
5.00 1.25 106.03
5.25 1.25 123.38
5.50 1.25 147.28
5.75 1.25 150.04
6.00 1.25 157.15
6.25 1.25 164.26
6.50 1.25 171.37
6.75 1.25 182.78
7.00 1.25 194.20
7.25 1.25 205.62
7.50 1.25 218.87
0.50 1.50 22.00
0.75 1.50 20.74
1.00 1.50 19.48
1.25 1.50 18.23
1.50 1.50 16.97
1.75 1.50 15.36
2.00 1.50 13.75
2.25 1.50 12.14
2.50 1.50 10.53
2.75 1.50 19.75
3.00 1.50 28.98
3.25 1.50 38.20
3.50 1.50 47.43
3.75 1.50 53.69
4.00 1.50 59.95
4.25 1.50 66.21
4.50 1.50 72.47
4.75 1.50 89.83
5.00 1.50 107.19
5.25 1.50 124.54
5.50 1.50 141.90
5.75 1.50 149.01
6.00 1.50 156.12
6.25 1.50 163.22
6.50 1.50 170.33
6.75 1.50 181.75
7.00 1.50 193.17
7.25 1.50 204.58
7.50 1.50 216.00
0.50 1.75 22.00
0.75 1.75 20.74
1.00 1.75 19.48
1.25 1.75 18.23
1.50 1.75 17.29
1.75 1.75 15.56
2.00 1.75 13.95
2.25 1.75 12.34
2.50 1.75 10.73
2.75 1.75 19.95
3.00 1.75 29.18
3.25 1.75 38.41
3.50 1.75 43.97
3.75 1.75 55.09
4.00 1.75 61.35
4.25 1.75 67.61
4.50 1.75 73.87
4.75 1.75 91.23
5.00 1.75 108.59
5.25 1.75 125.94
5.50 1.75 137.39
5.75 1.75 149.96
6.00 1.75 157.06
6.25 1.75 164.17
6.50 1.75 171.28
6.75 1.75 182.70
7.00 1.75 194.12
7.25 1.75 205.53
7.50 1.75 211.25
0.50 2.00 22.00
0.75 2.00 20.74
1.00 2.00 19.48
1.25 2.00 18.55
1.50 2.00 17.62
1.75 2.00 15.88
2.00 2.00 14.15
2.25 2.00 12.54
2.50 2.00 10.93
2.75 2.00 20.16
3.00 2.00 29.38
3.25 2.00 34.95
3.50 2.00 40.52
3.75 2.00 51.63
4.00 2.00 62.75
4.25 2.00 69.01
4.50 2.00 75.27
4.75 2.00 92.63
5.00 2.00 109.98
5.25 2.00 121.44
5.50 2.00 132.88
5.75 2.00 145.45
6.00 2.00 158.01
6.25 2.00 165.12
6.50 2.00 172.23
6.75 2.00 183.65
7.00 2.00 195.06
7.25 2.00 200.78
7.50 2.00 206.50
0.50 2.25 22.00
0.75 2.25 20.74
1.00 2.25 19.81
1.25 2.25 18.88
1.50 2.25 17.95
1.75 2.25 16.21
2.00 2.25 14.47
2.25 2.25 12.74
2.50 2.25 11.13
2.75 2.25 20.36
3.00 2.25 25.92
3.25 2.25 31.49
3.50 2.25 37.06
3.75 2.25 48.17
4.00 2.25 59.29
4.25 2.25 70.41
4.50 2.25 76.67
4.75 2.25 94.03
5.00 2.25 105.48
5.25 2.25 116.93
5.50 2.25 128.38
5.75 2.25 140.94
6.00 2.25 153.51
6.25 2.25 166.07
6.50 2.25 173.18
6.75 2.25 184.60
7.00 2.25 190.31
7.25 2.25 196.03
7.50 2.25 201.75
0.50 2.50 22.00
0.75 2.50 21.07
1.00 2.50 20.13
1.25 2.50 19.20
1.50 2.50 18.27
1.75 2.50 16.54
2.00 2.50 14.80
2.25 2.50 13.07
2.50 2.50 11.33
2.75 2.50 16.90
3.00 2.50 22.46
3.25 2.50 28.03
3.50 2.50 33.60
3.75 2.50 44.72
4.00 2.50 55.83
4.25 2.50 66.95
4.50 2.50 78.07
4.75 2.50 89.52
5.00 2.50 100.97
5.25 2.50 112.42
5.50 2.50 123.87
5.75 2.50 136.44
6.00 2.50 149.00
6.25 2.50 161.56
6.50 2.50 174.13
6.75 2.50 179.85
7.00 2.50 185.56
7.25 2.50 191.28
7.50 2.50 197.00
0.50 2.75 22.00
0.75 2.75 21.73
1.00 2.75 20.79
1.25 2.75 19.86
1.50 2.75 18.93
1.75 2.75 17.19
2.00 2.75 15.46
2.25 2.75 13.72
2.50 2.75 11.82
2.75 2.75 13.30
3.00 2.75 18.87
3.25 2.75 24.44
3.50 2.75 30.01
3.75 2.75 41.12
4.00 2.75 52.24
4.25 2.75 63.36
4.50 2.75 79.77
4.75 2.75 84.20
5.00 2.75 95.65
5.25 2.75 107.10
5.50 2.75 118.55
5.75 2.75 136.81
6.00 2.75 149.38
6.25 2.75 161.94
6.50 2.75 174.50
6.75 2.75 180.22
7.00 2.75 185.94
7.25 2.75 191.66
7.50 2.75 193.19
0.50 3.00 22.00
0.75 3.00 21.73
1.00 3.00 21.45
1.25 3.00 20.52
1.50 3.00 19.59
1.75 3.00 17.85
2.00 3.00 16.11
2.25 3.00 14.21
2.50 3.00 12.30
2.75 3.00 13.79
3.00 3.00 15.28
3.25 3.00 20.85
3.50 3.00 26.41
3.75 3.00 37.53
4.00 3.00 48.65
4.25 3.00 65.06
4.50 3.00 81.47
4.75 3.00 85.90
5.00 3.00 90.32
5.25 3.00 101.78
5.50 3.00 113.22
5.75 3.00 131.49
6.00 3.00 149.75
6.25 3.00 162.31
6.50 3.00 174.88
6.75 3.00 180.60
7.00 3.00 186.31
7.25 3.00 187.85
7.50 3.00 189.38
0.50 3.25 22.00
0.75 3.25 21.73
1.00 3.25 21.45
1.25 3.25 21.17
1.50 3.25 20.24
1.75 3.25 18.51
2.00 3.25 16.60
2.25 3.25 14.69
2.50 3.25 12.79
2.75 3.25 14.27
3.00 3.25 15.77
3.25 3.25 17.25
3.50 3.25 22.82
3.75 3.25 33.94
4.00 3.25 50.35
4.25 3.25 66.76
4.50 3.25 83.17
4.75 3.25 87.60
5.00 3.25 92.03
5.25 3.25 96.45
5.50 3.25 107.90
5.75 3.25 126.16
6.00 3.25 144.43
6.25 3.25 162.69
6.50 3.25 175.25
6.75 3.25 180.97
7.00 3.25 182.51
7.25 3.25 184.04
7.50 3.25 185.58
0.50 3.50 22.00
0.75 3.50 21.73
1.00 3.50 21.45
1.25 3.50 21.17
1.50 3.50 20.90
1.75 3.50 18.99
2.00 3.50 17.09
2.25 3.50 15.18
2.50 3.50 13.27
2.75 3.50 14.76
3.00 3.50 16.25
3.25 3.50 17.74
3.50 3.50 19.23
3.75 3.50 35.64
4.00 3.50 52.05
4.25 3.50 68.46
4.50 3.50 84.87
4.75 3.50 89.30
5.00 3.50 93.72
5.25 3.50 98.15
5.50 3.50 102.58
5.75 3.50 120.84
6.00 3.50 139.10
6.25 3.50 157.37
6.50 3.50 175.63
6.75 3.50 177.16
7.00 3.50 178.70
7.25 3.50 180.24
7.50 3.50 181.77
