0.50 0.50 12.18
0.75 0.50 10.91
1.00 0.50 9.65
1.25 0.50 8.38
1.50 0.50 7.12
1.75 0.50 6.87
2.00 0.50 6.61
2.25 0.50 6.35
2.50 0.50 6.10
2.75 0.50 13.23
3.00 0.50 20.37
3.25 0.50 27.50
3.50 0.50 34.64
3.75 0.50 34.76
4.00 0.50 34.87
4.25 0.50 34.98
4.50 0.50 35.10
4.75 0.50 47.58
5.00 0.50 60.06
5.25 0.50 72.55
5.50 0.50 85.03
5.75 0.50 87.14
6.00 0.50 89.25
6.25 0.50 91.37
6.50 0.50 93.48
6.75 0.50 100.61
7.00 0.50 107.73
7.25 0.50 114.86
7.50 0.50 121.99
0.50 0.75 11.93
0.75 0.75 11.38
1.00 0.75 10.12
1.25 0.75 8.85
1.50 0.75 7.59
1.75 0.75 7.33
2.00 0.75 7.08
2.25 0.75 6.82
2.50 0.75 5.96
2.75 0.75 10.83
3.00 0.75 17.96
3.25 0.75 25.10
3.50 0.75 32.23
3.75 0.75 32.35
4.00 0.75 32.47
4.25 0.75 32.58
4.50 0.75 36.04
4.75 0.75 46.47
5.00 0.75 58.95
5.25 0.75 71.43
5.50 0.75 83.91
5.75 0.75 86.03
6.00 0.75 88.14
6.25 0.75 90.25
6.50 0.75 92.31
6.75 0.75 103.67
7.00 0.75 110.80
7.25 0.75 117.92
7.50 0.75 125.05
0.50 1.00 11.68
0.75 1.00 11.13
1.00 1.00 10.59
1.25 1.00 9.32
1.50 1.00 8.05
1.75 1.00 7.80
2.00 1.00 7.54
2.25 1.00 6.68
2.50 1.00 5.82
2.75 1.00 10.69
3.00 1.00 15.56
3.25 1.00 22.70
3.50 1.00 29.83
3.75 1.00 29.95
4.00 1.00 30.06
4.25 1.00 33.52
4.50 1.00 36.98
4.75 1.00 47.40
5.00 1.00 57.83
5.25 1.00 70.32
5.50 1.00 82.80
5.75 1.00 84.91
6.00 1.00 87.03
6.25 1.00 89.08
6.50 1.00 91.14
6.75 1.00 102.50
7.00 1.00 113.85
7.25 1.00 120.98
7.50 1.00 128.11
0.50 1.25 11.44
0.75 1.25 10.89
1.00 1.25 10.34
1.25 1.25 9.79
1.50 1.25 8.52
1.75 1.25 8.27
2.00 1.25 7.40
2.25 1.25 6.54
2.50 1.25 5.68
2.75 1.25 10.55
3.00 1.25 15.42
3.25 1.25 20.29
3.50 1.25 27.43
3.75 1.25 27.54
4.00 1.25 31.00
4.25 1.25 34.45
4.50 1.25 37.91
4.75 1.25 48.34
5.00 1.25 58.77
5.25 1.25 69.20
5.50 1.25 81.69
5.75 1.25 83.80
6.00 1.25 85.85
6.25 1.25 87.91
6.50 1.25 89.96
6.75 1.25 101.32
7.00 1.25 112.68
7.25 1.25 124.04
7.50 1.25 131.17
0.50 1.50 11.19
0.75 1.50 10.64
1.00 1.50 10.09
1.25 1.50 9.54
1.50 1.50 8.99
1.75 1.50 8.13
2.00 1.50 7.27
2.25 1.50 6.40
2.50 1.50 5.54
2.75 1.50 10.41
3.00 1.50 15.28
3.25 1.50 20.15
3.50 1.50 25.02
3.75 1.50 28.48
4.00 1.50 31.94
4.25 1.50 35.39
4.50 1.50 38.85
4.75 1.50 49.28
5.00 1.50 59.71
5.25 1.50 70.14
5.50 1.50 80.57
5.75 1.50 82.62
6.00 1.50 84.68
6.25 1.50 86.73
6.50 1.50 88.79
6.75 1.50 100.15
7.00 1.50 111.51
7.25 1.50 122.87
7.50 1.50 134.23
0.50 1.75 11.19
0.75 1.75 10.64
1.00 1.75 10.09
1.25 1.75 9.54
1.50 1.75 9.15
1.75 1.75 8.26
2.00 1.75 7.40
2.25 1.75 6.54
2.50 1.75 5.67
2.75 1.75 10.54
3.00 1.75 15.41
3.25 1.75 20.28
3.50 1.75 23.52
3.75 1.75 28.91
4.00 1.75 32.37
4.25 1.75 35.83
4.50 1.75 39.28
4.75 1.75 49.71
5.00 1.75 60.14
5.25 1.75 70.57
5.50 1.75 78.45
5.75 1.75 83.50
6.00 1.75 85.56
6.25 1.75 87.61
6.50 1.75 89.67
6.75 1.75 101.03
7.00 1.75 112.39
7.25 1.75 123.74
7.50 1.75 129.47
0.50 2.00 11.19
0.75 2.00 10.64
1.00 2.00 10.09
1.25 2.00 9.70
1.50 2.00 9.31
1.75 2.00 8.42
2.00 2.00 7.53
2.25 2.00 6.67
2.50 2.00 5.80
2.75 2.00 10.68
3.00 2.00 15.54
3.25 2.00 18.78
3.50 2.00 22.02
3.75 2.00 27.41
4.00 2.00 32.80
4.25 2.00 36.26
4.50 2.00 39.72
4.75 2.00 50.14
5.00 2.00 60.57
5.25 2.00 68.45
5.50 2.00 76.33
5.75 2.00 81.38
6.00 2.00 86.43
6.25 2.00 88.48
6.50 2.00 90.54
6.75 2.00 101.90
7.00 2.00 113.26
7.25 2.00 118.98
7.50 2.00 124.70
0.50 2.25 11.19
0.75 2.25 10.64
1.00 2.25 10.25
1.25 2.25 9.86
1.50 2.25 9.47
1.75 2.25 8.58
2.00 2.25 7.69
2.25 2.25 6.80
2.50 2.25 5.94
2.75 2.25 10.81
3.00 2.25 14.04
3.25 2.25 17.28
3.50 2.25 20.52
3.75 2.25 25.91
4.00 2.25 31.30
4.25 2.25 36.69
4.50 2.25 40.15
4.75 2.25 50.58
5.00 2.25 58.45
5.25 2.25 66.33
5.50 2.25 74.21
5.75 2.25 79.26
6.00 2.25 84.31
6.25 2.25 89.36
6.50 2.25 91.42
6.75 2.25 102.78
7.00 2.25 108.50
7.25 2.25 114.22
7.50 2.25 119.94
0.50 2.50 11.19
0.75 2.50 10.80
1.00 2.50 10.41
1.25 2.50 10.02
1.50 2.50 9.63
1.75 2.50 8.74
2.00 2.50 7.85
2.25 2.50 6.96
2.50 2.50 6.07
2.75 2.50 9.31
3.00 2.50 12.54
3.25 2.50 15.78
3.50 2.50 19.02
3.75 2.50 24.41
4.00 2.50 29.80
4.25 2.50 35.19
4.50 2.50 40.58
4.75 2.50 48.46
5.00 2.50 56.34
5.25 2.50 64.21
5.50 2.50 72.09
5.75 2.50 77.14
6.00 2.50 82.19
6.25 2.50 87.24
6.50 2.50 92.29
6.75 2.50 98.01
7.00 2.50 103.74
7.25 2.50 109.46
7.50 2.50 115.18
0.50 2.75 11.19
0.75 2.75 11.16
1.00 2.75 10.78
1.25 2.75 10.39
1.50 2.75 10.00
1.75 2.75 9.11
2.00 2.75 8.21
2.25 2.75 7.33
2.50 2.75 6.32
2.75 2.75 7.12
3.00 2.75 10.35
3.25 2.75 13.59
3.50 2.75 16.83
3.75 2.75 22.22
4.00 2.75 27.61
4.25 2.75 33.00
4.50 2.75 41.69
4.75 2.75 44.92
5.00 2.75 52.80
5.25 2.75 60.68
5.50 2.75 68.56
5.75 2.75 76.68
6.00 2.75 81.73
6.25 2.75 86.78
6.50 2.75 91.83
6.75 2.75 97.55
7.00 2.75 103.28
7.25 2.75 109.00
7.50 2.75 110.14
0.50 3.00 11.19
0.75 3.00 11.16
1.00 3.00 11.14
1.25 3.00 10.75
1.50 3.00 10.36
1.75 3.00 9.47
2.00 3.00 8.58
2.25 3.00 7.58
2.50 3.00 6.58
2.75 3.00 7.37
3.00 3.00 8.16
3.25 3.00 11.40
3.50 3.00 14.63
3.75 3.00 20.02
4.00 3.00 25.41
4.25 3.00 34.10
4.50 3.00 42.79
4.75 3.00 46.03
5.00 3.00 49.27
5.25 3.00 57.14
5.50 3.00 65.02
5.75 3.00 73.15
6.00 3.00 81.27
6.25 3.00 86.32
6.50 3.00 91.37
6.75 3.00 97.09
7.00 3.00 102.81
7.25 3.00 103.95
7.50 3.00 105.09
0.50 3.25 11.19
0.75 3.25 11.16
1.00 3.25 11.14
1.25 3.25 11.11
1.50 3.25 10.72
1.75 3.25 9.83
2.00 3.25 8.83
2.25 3.25 7.83
2.50 3.25 6.83
2.75 3.25 7.62
3.00 3.25 8.41
3.25 3.25 9.21
3.50 3.25 12.44
3.75 3.25 17.83
4.00 3.25 26.52
4.25 3.25 35.21
4.50 3.25 43.89
4.75 3.25 47.13
5.00 3.25 50.37
5.25 3.25 53.61
5.50 3.25 61.49
5.75 3.25 69.61
6.00 3.25 77.74
6.25 3.25 85.86
6.50 3.25 90.91
6.75 3.25 96.63
7.00 3.25 97.77
7.25 3.25 98.91
7.50 3.25 100.05
0.50 3.50 11.19
0.75 3.50 11.16
1.00 3.50 11.14
1.25 3.50 11.11
1.50 3.50 11.09
1.75 3.50 10.09
2.00 3.50 9.09
2.25 3.50 8.08
2.50 3.50 7.08
2.75 3.50 7.87
3.00 3.50 8.66
3.25 3.50 9.46
3.50 3.50 10.25
3.75 3.50 18.94
4.00 3.50 27.62
4.25 3.50 36.31
4.50 3.50 45.00
4.75 3.50 48.24
5.00 3.50 51.48
5.25 3.50 54.71
5.50 3.50 57.95
5.75 3.50 66.08
6.00 3.50 74.20
6.25 3.50 82.33
6.50 3.50 90.45
6.75 3.50 91.59
7.00 3.50 92.73
7.25 3.50 93.87
7.50 3.50 95.01
