0.50 0.50 59.40
0.75 0.50 53.30
1.00 0.50 47.20
1.25 0.50 41.10
1.50 0.50 35.00
1.75 0.50 33.75
2.00 0.50 32.50
2.25 0.50 31.25
2.50 0.50 30.00
2.75 0.50 61.58
3.00 0.50 93.15
3.25 0.50 124.73
3.50 0.50 156.30
3.75 0.50 159.77
4.00 0.50 163.24
4.25 0.50 166.70
4.50 0.50 170.17
4.75 0.50 230.20
5.00 0.50 290.24
5.25 0.50 350.27
5.50 0.50 410.30
5.75 0.50 416.83
6.00 0.50 423.37
6.25 0.50 429.90
6.50 0.50 436.43
6.75 0.50 469.80
7.00 0.50 503.18
7.25 0.50 536.55
7.50 0.50 569.93
0.50 0.75 58.30
0.75 0.75 55.28
1.00 0.75 49.18
1.25 0.75 43.08
1.50 0.75 36.98
1.75 0.75 35.73
2.00 0.75 34.48
2.25 0.75 33.23
2.50 0.75 29.27
2.75 0.75 52.72
3.00 0.75 84.29
3.25 0.75 115.87
3.50 0.75 147.44
3.75 0.75 150.91
4.00 0.75 154.38
4.25 0.75 157.84
4.50 0.75 173.24
4.75 0.75 217.08
5.00 0.75 277.11
5.25 0.75 337.14
5.50 0.75 397.18
5.75 0.75 403.71
6.00 0.75 410.24
6.25 0.75 416.77
6.50 0.75 433.87
6.75 0.75 462.82
7.00 0.75 496.20
7.25 0.75 529.57
7.50 0.75 562.95
0.50 1.00 57.20
0.75 1.00 54.18
1.00 1.00 51.16
1.25 1.00 45.06
1.50 1.00 38.97
1.75 1.00 37.72
2.00 1.00 36.47
2.25 1.00 32.50
2.50 1.00 28.54
2.75 1.00 51.98
3.00 1.00 75.44
3.25 1.00 107.01
3.50 1.00 138.59
3.75 1.00 142.05
4.00 1.00 145.52
4.25 1.00 160.91
4.50 1.00 176.30
4.75 1.00 220.14
5.00 1.00 263.99
5.25 1.00 324.02
5.50 1.00 384.05
5.75 1.00 390.58
6.00 1.00 397.12
6.25 1.00 414.21
6.50 1.00 431.30
6.75 1.00 460.26
7.00 1.00 489.22
7.25 1.00 522.59
7.50 1.00 555.96
0.50 1.25 56.10
0.75 1.25 53.08
1.00 1.25 50.07
1.25 1.25 47.05
1.50 1.25 40.95
1.75 1.25 39.70
2.00 1.25 35.73
2.25 1.25 31.77
2.50 1.25 27.80
2.75 1.25 51.25
3.00 1.25 74.70
3.25 1.25 98.15
3.50 1.25 129.73
3.75 1.25 133.19
4.00 1.25 148.58
4.25 1.25 163.97
4.50 1.25 179.36
4.75 1.25 223.21
5.00 1.25 267.05
5.25 1.25 310.89
5.50 1.25 370.93
5.75 1.25 377.46
6.00 1.25 394.55
6.25 1.25 411.64
6.50 1.25 428.74
6.75 1.25 457.69
7.00 1.25 486.65
7.25 1.25 515.61
7.50 1.25 548.98
0.50 1.50 55.00
0.75 1.50 51.98
1.00 1.50 48.97
1.25 1.50 45.95
1.50 1.50 42.93
1.75 1.50 38.96
2.00 1.50 35.00
2.25 1.50 31.04
2.50 1.50 27.07
2.75 1.50 50.52
3.00 1.50 73.97
3.25 1.50 97.42
3.50 1.50 120.87
3.75 1.50 136.26
4.00 1.50 151.65
4.25 1.50 167.04
4.50 1.50 182.43
4.75 1.50 226.27
5.00 1.50 270.12
5.25 1.50 313.96
5.50 1.50 357.80
5.75 1.50 374.89
6.00 1.50 391.99
6.25 1.50 409.08
6.50 1.50 426.17
6.75 1.50 455.13
7.00 1.50 484.09
7.25 1.50 513.04
7.50 1.50 542.00
0.50 1.75 55.00
0.75 1.75 51.98
1.00 1.75 48.97
1.25 1.75 45.95
1.50 1.75 43.83
1.75 1.75 39.36
2.00 1.75 35.40
2.25 1.75 31.43
2.50 1.75 27.47
2.75 1.75 50.92
3.00 1.75 74.37
3.25 1.75 97.82
3.50 1.75 112.20
3.75 1.75 139.81
4.00 1.75 155.20
4.25 1.75 170.59
4.50 1.75 185.98
4.75 1.75 229.82
5.00 1.75 273.67
5.25 1.75 317.51
5.50 1.75 346.28
5.75 1.75 377.29
6.00 1.75 394.38
6.25 1.75 411.48
6.50 1.75 428.57
6.75 1.75 457.53
7.00 1.75 486.49
7.25 1.75 515.44
7.50 1.75 530.25
0.50 2.00 55.00
0.75 2.00 51.98
1.00 2.00 48.97
1.25 2.00 46.85
1.50 2.00 44.73
1.75 2.00 40.27
2.00 2.00 35.80
2.25 2.00 31.84
2.50 2.00 27.87
2.75 2.00 51.32
3.00 2.00 74.77
3.25 2.00 89.15
3.50 2.00 103.53
3.75 2.00 131.14
4.00 2.00 158.75
4.25 2.00 174.14
4.50 2.00 189.53
4.75 2.00 233.37
5.00 2.00 277.22
5.25 2.00 305.99
5.50 2.00 334.76
5.75 2.00 365.77
6.00 2.00 396.78
6.25 2.00 413.88
6.50 2.00 430.97
6.75 2.00 459.93
7.00 2.00 488.88
7.25 2.00 503.69
7.50 2.00 518.50
0.50 2.25 55.00
0.75 2.25 51.98
1.00 2.25 49.87
1.25 2.25 47.75
1.50 2.25 45.63
1.75 2.25 41.17
2.00 2.25 36.70
2.25 2.25 32.23
2.50 2.25 28.27
2.75 2.25 51.72
3.00 2.25 66.10
3.25 2.25 80.48
3.50 2.25 94.87
3.75 2.25 122.47
4.00 2.25 150.08
4.25 2.25 177.69
4.50 2.25 193.08
4.75 2.25 236.92
5.00 2.25 265.70
5.25 2.25 294.47
5.50 2.25 323.25
5.75 2.25 354.26
6.00 2.25 385.27
6.25 2.25 416.28
6.50 2.25 433.37
6.75 2.25 462.33
7.00 2.25 477.13
7.25 2.25 491.94
7.50 2.25 506.75
0.50 2.50 55.00
0.75 2.50 52.88
1.00 2.50 50.77
1.25 2.50 48.65
1.50 2.50 46.53
1.75 2.50 42.06
2.00 2.50 37.60
2.25 2.50 33.14
2.50 2.50 28.67
2.75 2.50 43.05
3.00 2.50 57.44
3.25 2.50 71.82
3.50 2.50 86.20
3.75 2.50 113.81
4.00 2.50 141.41
4.25 2.50 169.02
4.50 2.50 196.63
4.75 2.50 225.41
5.00 2.50 254.18
5.25 2.50 282.96
5.50 2.50 311.73
5.75 2.50 342.74
6.00 2.50 373.75
6.25 2.50 404.76
6.50 2.50 435.77
6.75 2.50 450.58
7.00 2.50 465.38
7.25 2.50 480.19
7.50 2.50 495.00
0.50 2.75 55.00
0.75 2.75 54.45
1.00 2.75 52.33
1.25 2.75 50.22
1.50 2.75 48.10
1.75 2.75 43.63
2.00 2.75 39.17
2.25 2.75 34.70
2.50 2.75 29.89
2.75 2.75 33.87
3.00 2.75 48.25
3.25 2.75 62.64
3.50 2.75 77.02
3.75 2.75 104.62
4.00 2.75 132.23
4.25 2.75 159.84
4.50 2.75 200.78
4.75 2.75 212.26
5.00 2.75 241.04
5.25 2.75 269.81
5.50 2.75 298.59
5.75 2.75 343.74
6.00 2.75 374.75
6.25 2.75 405.76
6.50 2.75 436.77
6.75 2.75 451.58
7.00 2.75 466.38
7.25 2.75 481.19
7.50 2.75 485.26
0.50 3.00 55.00
0.75 3.00 54.45
1.00 3.00 53.90
1.25 3.00 51.78
1.50 3.00 49.66
1.75 3.00 45.20
2.00 3.00 40.73
2.25 3.00 35.92
2.50 3.00 31.10
2.75 3.00 35.09
3.00 3.00 39.07
3.25 3.00 53.45
3.50 3.00 67.84
3.75 3.00 95.44
4.00 3.00 123.05
4.25 3.00 163.99
4.50 3.00 204.93
4.75 3.00 216.42
5.00 3.00 227.90
5.25 3.00 256.68
5.50 3.00 285.45
5.75 3.00 330.60
6.00 3.00 375.75
6.25 3.00 406.76
6.50 3.00 437.77
6.75 3.00 452.58
7.00 3.00 467.38
7.25 3.00 471.45
7.50 3.00 475.51
0.50 3.25 55.00
0.75 3.25 54.45
1.00 3.25 53.90
1.25 3.25 53.35
1.50 3.25 51.23
1.75 3.25 46.77
2.00 3.25 41.95
2.25 3.25 37.13
2.50 3.25 32.31
2.75 3.25 36.30
3.00 3.25 40.28
3.25 3.25 44.27
3.50 3.25 58.65
3.75 3.25 86.26
4.00 3.25 127.20
4.25 3.25 168.14
4.50 3.25 209.08
4.75 3.25 220.56
5.00 3.25 232.05
5.25 3.25 243.53
5.50 3.25 272.31
5.75 3.25 317.46
6.00 3.25 362.61
6.25 3.25 407.76
6.50 3.25 438.77
6.75 3.25 453.58
7.00 3.25 457.64
7.25 3.25 461.71
7.50 3.25 465.77
0.50 3.50 55.00
0.75 3.50 54.45
1.00 3.50 53.90
1.25 3.50 53.35
1.50 3.50 52.80
1.75 3.50 47.98
2.00 3.50 43.16
2.25 3.50 38.35
2.50 3.50 33.53
2.75 3.50 37.52
3.00 3.50 41.50
3.25 3.50 45.48
3.50 3.50 49.47
3.75 3.50 90.41
4.00 3.50 131.35
4.25 3.50 172.29
4.50 3.50 213.23
4.75 3.50 224.71
5.00 3.50 236.20
5.25 3.50 247.69
5.50 3.50 259.17
5.75 3.50 304.32
6.00 3.50 349.47
6.25 3.50 394.62
6.50 3.50 439.77
6.75 3.50 443.83
7.00 3.50 447.90
7.25 3.50 451.96
7.50 3.50 456.03
