0.50 0.50 23.85
0.75 0.50 19.64
1.00 0.50 15.43
1.25 0.50 11.21
1.50 0.50 7.00
1.75 0.50 6.75
2.00 0.50 6.50
2.25 0.50 6.25
2.50 0.50 6.00
2.75 0.50 20.36
3.00 0.50 34.73
3.25 0.50 49.09
3.50 0.50 63.45
3.75 0.50 64.69
4.00 0.50 65.94
4.25 0.50 67.18
4.50 0.50 68.42
4.75 0.50 155.24
5.00 0.50 242.06
5.25 0.50 328.88
5.50 0.50 415.70
5.75 0.50 355.46
6.00 0.50 295.21
6.25 0.50 234.97
6.50 0.50 174.73
6.75 0.50 188.23
7.00 0.50 201.73
7.25 0.50 215.23
7.50 0.50 228.73
0.50 0.75 20.64
0.75 0.75 22.26
1.00 0.75 18.05
1.25 0.75 13.83
1.50 0.75 9.62
1.75 0.75 9.37
2.00 0.75 9.12
2.25 0.75 8.87
2.50 0.75 7.32
2.75 0.75 23.43
3.00 0.75 37.79
3.25 0.75 52.16
3.50 0.75 66.52
3.75 0.75 67.76
4.00 0.75 69.00
4.25 0.75 70.25
4.50 0.75 69.75
4.75 0.75 87.55
5.00 0.75 174.37
5.25 0.75 261.19
5.50 0.75 348.01
5.75 0.75 287.77
6.00 0.75 227.53
6.25 0.75 167.28
6.50 0.75 195.09
6.75 0.75 185.55
7.00 0.75 199.05
7.25 0.75 212.55
7.50 0.75 226.05
0.50 1.00 17.43
0.75 1.00 19.05
1.00 1.00 20.66
1.25 1.00 16.45
1.50 1.00 12.24
1.75 1.00 11.99
2.00 1.00 11.74
2.25 1.00 10.19
2.50 1.00 8.63
2.75 1.00 24.75
3.00 1.00 40.86
3.25 1.00 55.22
3.50 1.00 69.59
3.75 1.00 70.83
4.00 1.00 72.07
4.25 1.00 71.57
4.50 1.00 71.08
4.75 1.00 88.88
5.00 1.00 106.69
5.25 1.00 193.50
5.50 1.00 280.32
5.75 1.00 220.08
6.00 1.00 159.84
6.25 1.00 187.64
6.50 1.00 215.45
6.75 1.00 205.91
7.00 1.00 196.37
7.25 1.00 209.87
7.50 1.00 223.37
0.50 1.25 14.21
0.75 1.25 15.83
1.00 1.25 17.45
1.25 1.25 19.07
1.50 1.25 14.86
1.75 1.25 14.61
2.00 1.25 13.06
2.25 1.25 11.50
2.50 1.25 9.95
2.75 1.25 26.06
3.00 1.25 42.18
3.25 1.25 58.29
3.50 1.25 72.65
3.75 1.25 73.89
4.00 1.25 73.40
4.25 1.25 72.90
4.50 1.25 72.40
4.75 1.25 90.21
5.00 1.25 108.01
5.25 1.25 125.82
5.50 1.25 212.64
5.75 1.25 152.39
6.00 1.25 180.20
6.25 1.25 208.00
6.50 1.25 235.81
6.75 1.25 226.27
7.00 1.25 216.73
7.25 1.25 207.18
7.50 1.25 220.68
0.50 1.50 11.00
0.75 1.50 12.62
1.00 1.50 14.24
1.25 1.50 15.86
1.50 1.50 17.48
1.75 1.50 15.93
2.00 1.50 14.38
2.25 1.50 12.82
2.50 1.50 11.27
2.75 1.50 27.38
3.00 1.50 43.49
3.25 1.50 59.61
3.50 1.50 75.72
3.75 1.50 75.22
4.00 1.50 74.72
4.25 1.50 74.23
4.50 1.50 73.73
4.75 1.50 91.53
5.00 1.50 109.34
5.25 1.50 127.14
5.50 1.50 144.95
5.75 1.50 172.75
6.00 1.50 200.56
6.25 1.50 228.37
6.50 1.50 256.17
6.75 1.50 246.63
7.00 1.50 237.09
7.25 1.50 227.54
7.50 1.50 218.00
0.50 1.75 11.00
0.75 1.75 12.62
1.00 1.75 14.24
1.25 1.75 15.86
1.50 1.75 17.89
1.75 1.75 16.03
2.00 1.75 14.48
2.25 1.75 12.92
2.50 1.75 11.37
2.75 1.75 27.48
3.00 1.75 43.59
3.25 1.75 59.71
3.50 1.75 65.74
3.75 1.75 76.67
4.00 1.75 76.17
4.25 1.75 75.68
4.50 1.75 75.18
4.75 1.75 92.98
5.00 1.75 110.79
5.25 1.75 128.59
5.50 1.75 140.19
5.75 1.75 152.35
6.00 1.75 180.16
6.25 1.75 207.97
6.50 1.75 235.77
6.75 1.75 226.23
7.00 1.75 216.69
7.25 1.75 207.14
7.50 1.75 213.38
0.50 2.00 11.00
0.75 2.00 12.62
1.00 2.00 14.24
1.25 2.00 16.27
1.50 2.00 18.30
1.75 2.00 16.44
2.00 2.00 14.57
2.25 2.00 13.02
2.50 2.00 11.47
2.75 2.00 27.58
3.00 2.00 43.70
3.25 2.00 49.73
3.50 2.00 55.76
3.75 2.00 66.69
4.00 2.00 77.62
4.25 2.00 77.13
4.50 2.00 76.63
4.75 2.00 94.44
5.00 2.00 112.24
5.25 2.00 123.84
5.50 2.00 135.44
5.75 2.00 147.60
6.00 2.00 159.76
6.25 2.00 187.56
6.50 2.00 215.37
6.75 2.00 205.83
7.00 2.00 196.28
7.25 2.00 202.52
7.50 2.00 208.75
0.50 2.25 11.00
0.75 2.25 12.62
1.00 2.25 14.65
1.25 2.25 16.68
1.50 2.25 18.72
1.75 2.25 16.85
2.00 2.25 14.99
2.25 2.25 13.12
2.50 2.25 11.57
2.75 2.25 27.68
3.00 2.25 33.71
3.25 2.25 39.75
3.50 2.25 45.78
3.75 2.25 56.71
4.00 2.25 67.64
4.25 2.25 78.58
4.50 2.25 78.08
4.75 2.25 95.88
5.00 2.25 107.48
5.25 2.25 119.09
5.50 2.25 130.69
5.75 2.25 142.84
6.00 2.25 155.00
6.25 2.25 167.17
6.50 2.25 194.97
6.75 2.25 185.43
7.00 2.25 191.66
7.25 2.25 197.89
7.50 2.25 204.12
0.50 2.50 11.00
0.75 2.50 13.03
1.00 2.50 15.06
1.25 2.50 17.10
1.50 2.50 19.13
1.75 2.50 17.27
2.00 2.50 15.40
2.25 2.50 13.54
2.50 2.50 11.67
2.75 2.50 17.70
3.00 2.50 23.73
3.25 2.50 29.77
3.50 2.50 35.80
3.75 2.50 46.73
4.00 2.50 57.66
4.25 2.50 68.60
4.50 2.50 79.53
4.75 2.50 91.13
5.00 2.50 102.73
5.25 2.50 114.33
5.50 2.50 125.93
5.75 2.50 138.09
6.00 2.50 150.25
6.25 2.50 162.41
6.50 2.50 174.57
6.75 2.50 180.80
7.00 2.50 187.03
7.25 2.50 193.27
7.50 2.50 199.50
0.50 2.75 11.00
0.75 2.75 13.61
1.00 2.75 15.64
1.25 2.75 17.68
1.50 2.75 19.71
1.75 2.75 17.84
2.00 2.75 15.98
2.25 2.75 14.11
2.50 2.75 12.16
2.75 2.75 13.91
3.00 2.75 19.94
3.25 2.75 25.97
3.50 2.75 32.00
3.75 2.75 42.94
4.00 2.75 53.87
4.25 2.75 64.80
4.50 2.75 81.13
4.75 2.75 72.47
5.00 2.75 84.07
5.25 2.75 95.67
5.50 2.75 107.27
5.75 2.75 138.53
6.00 2.75 150.69
6.25 2.75 162.85
6.50 2.75 175.01
6.75 2.75 181.24
7.00 2.75 187.47
7.25 2.75 193.70
7.50 2.75 218.59
0.50 3.00 11.00
0.75 3.00 13.61
1.00 3.00 16.23
1.25 3.00 18.26
1.50 3.00 20.29
1.75 3.00 18.43
2.00 3.00 16.56
2.25 3.00 14.61
2.50 3.00 12.65
2.75 3.00 14.40
3.00 3.00 16.14
3.25 3.00 22.18
3.50 3.00 28.21
3.75 3.00 39.14
4.00 3.00 50.08
4.25 3.00 66.40
4.50 3.00 82.73
4.75 3.00 74.07
5.00 3.00 65.41
5.25 3.00 77.01
5.50 3.00 88.61
5.75 3.00 119.87
6.00 3.00 151.12
6.25 3.00 163.29
6.50 3.00 175.44
6.75 3.00 181.68
7.00 3.00 187.91
7.25 3.00 212.80
7.50 3.00 237.69
0.50 3.25 11.00
0.75 3.25 13.61
1.00 3.25 16.23
1.25 3.25 18.84
1.50 3.25 20.87
1.75 3.25 19.00
2.00 3.25 17.05
2.25 3.25 15.10
2.50 3.25 13.14
2.75 3.25 14.89
3.00 3.25 16.64
3.25 3.25 18.38
3.50 3.25 24.41
3.75 3.25 35.35
4.00 3.25 51.68
4.25 3.25 68.00
4.50 3.25 84.33
4.75 3.25 75.67
5.00 3.25 67.01
5.25 3.25 58.35
5.50 3.25 69.95
5.75 3.25 101.21
6.00 3.25 132.47
6.25 3.25 163.72
6.50 3.25 175.88
6.75 3.25 182.12
7.00 3.25 207.00
7.25 3.25 231.89
7.50 3.25 256.78
0.50 3.50 11.00
0.75 3.50 13.61
1.00 3.50 16.23
1.25 3.50 18.84
1.50 3.50 21.45
1.75 3.50 19.49
2.00 3.50 17.54
2.25 3.50 15.59
2.50 3.50 13.63
2.75 3.50 15.38
3.00 3.50 17.12
3.25 3.50 18.87
3.50 3.50 20.62
3.75 3.50 36.95
4.00 3.50 53.28
4.25 3.50 69.60
4.50 3.50 85.93
4.75 3.50 77.27
5.00 3.50 68.61
5.25 3.50 59.95
5.50 3.50 51.29
5.75 3.50 82.55
6.00 3.50 113.80
6.25 3.50 145.06
6.50 3.50 176.32
6.75 3.50 201.21
7.00 3.50 226.10
7.25 3.50 250.99
7.50 3.50 275.88
